byte offset: 0
first index: 408
index count: 108
topology: trianglelist
format: DXGI_FORMAT_R16_UINT

264 265 266
265 264 267
267 268 265
268 267 269
269 270 268
270 269 271
272 273 274
273 272 275
275 276 273
276 275 277
277 278 276
278 277 279
280 281 282
281 280 283
283 284 281
284 283 285
285 286 284
286 285 287
288 289 290
289 288 291
291 292 289
292 291 293
293 294 292
294 293 295
296 297 298
297 296 299
299 300 297
300 299 301
301 302 300
302 301 303
304 305 306
305 304 307
307 308 305
308 307 309
309 310 308
310 309 311
