byte offset: 0
first index: 2436
index count: 1230
topology: trianglelist
format: DXGI_FORMAT_R16_UINT

1310 1311 1312
1311 1310 1313
1314 1315 1316
1315 1314 1317
1318 1319 1320
1318 1320 1321
1318 1321 1322
1323 1324 1325
1324 1323 1326
1327 1328 1329
1328 1327 1330
1331 1332 1333
1331 1333 1334
1331 1334 1335
1336 1337 1338
1337 1336 1339
1340 1341 1342
1341 1340 1343
1344 1345 1346
1345 1344 1347
1348 1349 1350
1349 1348 1351
1352 1353 1354
1353 1352 1355
1356 1357 1358
1357 1356 1359
1360 1361 1362
1361 1360 1363
1364 1365 1366
1365 1364 1367
1368 1369 1370
1369 1368 1371
1372 1373 1374
1373 1372 1375
1376 1377 1378
1377 1376 1379
1380 1381 1382
1381 1380 1383
1384 1385 1386
1385 1384 1387
1388 1389 1390
1389 1388 1391
1392 1393 1394
1393 1392 1395
1396 1397 1398
1397 1396 1399
1400 1401 1402
1401 1400 1403
1404 1405 1406
1405 1404 1407
1404 1406 1408
1409 1410 1411
1410 1409 1412
1413 1414 1415
1414 1413 1416
1417 1418 1419
1420 1417 1419
1417 1420 1421
1422 1423 1424
1423 1422 1425
1426 1427 1428
1427 1426 1429
1430 1431 1432
1431 1430 1433
1430 1432 1434
1435 1436 1437
1436 1435 1438
1439 1440 1441
1440 1439 1442
1443 1444 1445
1444 1443 1446
1447 1448 1449
1448 1447 1450
1451 1452 1453
1454 1451 1453
1451 1454 1455
1456 1457 1458
1457 1456 1459
1460 1461 1462
1461 1460 1463
1464 1465 1466
1465 1464 1467
1464 1466 1468
1469 1470 1471
1470 1469 1472
1473 1474 1475
1474 1473 1476
1477 1478 1479
1478 1477 1480
1481 1482 1483
1482 1481 1484
1485 1486 1487
1486 1485 1488
1489 1490 1491
1490 1489 1492
1493 1494 1495
1494 1493 1496
1497 1498 1499
1498 1497 1500
1501 1502 1503
1502 1501 1504
1505 1506 1507
1506 1505 1508
1509 1510 1511
1510 1509 1512
1513 1514 1515
1514 1513 1516
1517 1518 1519
1518 1517 1520
1521 1522 1523
1521 1524 1522
1521 1525 1524
1526 1527 1528
1527 1526 1529
1530 1531 1532
1531 1530 1533
1534 1535 1536
1534 1537 1535
1534 1538 1537
1539 1540 1541
1540 1539 1542
1543 1544 1545
1544 1543 1546
1547 1548 1549
1548 1547 1550
1551 1552 1553
1552 1551 1554
1555 1556 1557
1556 1555 1558
1559 1560 1561
1560 1559 1562
1563 1564 1565
1564 1563 1566
1567 1568 1569
1568 1567 1570
1571 1572 1573
1572 1571 1574
1575 1576 1577
1576 1575 1578
1579 1580 1581
1580 1579 1582
1583 1584 1585
1584 1583 1586
1587 1588 1589
1588 1587 1590
1591 1592 1593
1592 1591 1594
1595 1596 1597
1596 1595 1598
1599 1600 1601
1600 1599 1602
1599 1603 1602
1604 1605 1606
1605 1604 1607
1608 1609 1610
1609 1608 1611
1612 1613 1614
1612 1615 1613
1615 1612 1616
1617 1618 1619
1618 1617 1620
1621 1622 1623
1622 1621 1624
1625 1626 1627
1626 1625 1628
1625 1629 1628
1630 1631 1632
1631 1630 1633
1634 1635 1636
1635 1634 1637
1638 1639 1640
1639 1638 1641
1642 1643 1644
1643 1642 1645
1646 1647 1648
1646 1649 1647
1649 1646 1650
1651 1652 1653
1652 1651 1654
1655 1656 1657
1656 1655 1658
1659 1660 1661
1660 1659 1662
1659 1663 1662
1664 1665 1666
1665 1664 1667
1668 1669 1670
1669 1668 1671
1672 1673 1674
1673 1672 1675
1676 1677 1678
1677 1676 1679
1680 1681 1682
1681 1680 1683
1684 1685 1686
1685 1684 1687
1688 1689 1690
1689 1688 1691
1692 1693 1694
1693 1692 1695
1696 1697 1698
1697 1696 1699
1700 1701 1702
1701 1700 1703
1704 1705 1706
1705 1704 1707
1708 1709 1710
1709 1708 1711
1712 1713 1714
1712 1715 1713
1712 1716 1715
1717 1718 1719
1718 1717 1720
1721 1722 1723
1722 1721 1724
1725 1726 1727
1725 1728 1726
1725 1729 1728
1730 1731 1732
1731 1730 1733
1734 1735 1736
1735 1734 1737
1738 1739 1740
1739 1738 1741
1742 1743 1744
1743 1742 1745
1746 1747 1748
1747 1746 1749
1750 1751 1752
1751 1750 1753
1754 1755 1756
1755 1754 1757
1758 1759 1760
1759 1758 1761
1762 1763 1764
1763 1762 1765
1766 1767 1768
1767 1766 1769
1770 1771 1772
1771 1770 1773
1774 1775 1776
1775 1774 1777
1778 1779 1780
1779 1778 1781
1782 1783 1784
1783 1782 1785
1786 1787 1788
1787 1786 1789
1790 1791 1792
1791 1790 1793
1790 1794 1793
1795 1796 1797
1796 1795 1798
1799 1800 1801
1800 1799 1802
1803 1804 1805
1803 1806 1804
1806 1803 1807
1808 1809 1810
1809 1808 1811
1812 1813 1814
1813 1812 1815
1816 1817 1818
1817 1816 1819
1816 1820 1819
1821 1822 1823
1822 1821 1824
1825 1826 1827
1826 1825 1828
1829 1830 1831
1830 1829 1832
1833 1834 1835
1834 1833 1836
1837 1838 1839
1837 1840 1838
1840 1837 1841
1842 1843 1844
1843 1842 1845
1846 1847 1848
1847 1846 1849
1850 1851 1852
1851 1850 1853
1850 1854 1853
1855 1856 1857
1856 1855 1858
1859 1860 1861
1860 1859 1862
1863 1864 1865
1864 1863 1866
1867 1868 1869
1868 1867 1870
1871 1872 1873
1872 1871 1874
1875 1876 1877
1876 1875 1878
1879 1880 1881
1880 1879 1882
1883 1884 1885
1884 1883 1886
1887 1888 1889
1888 1887 1890
1891 1892 1893
1892 1891 1894
1895 1896 1897
1896 1895 1898
1899 1900 1901
1900 1899 1902
1903 1904 1905
1903 1905 1906
1903 1906 1907
1908 1909 1910
1909 1908 1911
1912 1913 1914
1913 1912 1915
1916 1917 1918
1916 1918 1919
1916 1919 1920
1921 1922 1923
1922 1921 1924
1925 1926 1927
1926 1925 1928
1929 1930 1931
1930 1929 1932
1933 1934 1935
1934 1933 1936
1937 1938 1939
1938 1937 1940
1941 1942 1943
1942 1941 1944
1945 1946 1947
1946 1945 1948
1949 1950 1951
1950 1949 1952
1953 1954 1955
1954 1953 1956
1957 1958 1959
1958 1957 1960
1961 1962 1963
1962 1961 1964
1965 1966 1967
1966 1965 1968
1969 1970 1971
1970 1969 1972
1973 1974 1975
1974 1973 1976
1977 1978 1979
1978 1977 1980
1981 1982 1983
1982 1981 1984
1985 1986 1987
1986 1985 1988
1989 1990 1991
1990 1989 1992
1989 1991 1993
1994 1995 1996
1995 1994 1997
1998 1999 2000
1999 1998 2001
2002 2003 2004
2005 2002 2004
2002 2005 2006
2007 2008 2009
2008 2007 2010
2011 2012 2013
2012 2011 2014
2015 2016 2017
2016 2015 2018
2015 2017 2019
2020 2021 2022
2021 2020 2023
2024 2025 2026
2025 2024 2027
2028 2029 2030
2029 2028 2031
2032 2033 2034
2033 2032 2035
2036 2037 2038
2039 2036 2038
2036 2039 2040
2041 2042 2043
2042 2041 2044
2045 2046 2047
2046 2045 2048
2049 2050 2051
2050 2049 2052
2049 2051 2053
2054 2055 2056
2055 2054 2057
2058 2059 2060
2059 2058 2061
2062 2063 2064
2063 2062 2065
2066 2067 2068
2067 2066 2069
2070 2071 2072
2071 2070 2073
2074 2075 2076
2075 2074 2077
2078 2079 2080
2079 2078 2081
2082 2083 2084
2083 2082 2085
2086 2087 2088
2087 2086 2089
2090 2091 2092
2091 2090 2093
2094 2095 2096
2095 2094 2097
2098 2099 2100
2101 2102 2103
