byte offset: 0
first index: 0
index count: 3360
topology: trianglelist
format: DXGI_FORMAT_R16_UINT

0 1 2
0 3 1
0 4 3
5 3 4
4 0 6
4 6 7
8 9 10
9 8 11
12 9 11
9 12 13
14 15 16
17 18 19
18 17 20
21 22 23
22 21 24
25 26 27
26 25 28
29 30 31
29 31 32
33 29 32
29 33 34
34 33 35
33 32 36
37 38 39
38 37 40
38 41 39
41 38 42
43 44 45
46 47 48
47 46 49
50 51 52
51 50 53
54 55 56
55 54 57
58 59 60
58 61 59
58 62 61
63 61 62
62 58 64
62 64 65
66 67 68
67 66 69
70 67 69
67 70 71
72 73 74
75 76 77
76 75 78
79 80 81
80 79 82
83 84 85
84 83 86
87 88 89
87 89 90
91 87 90
87 91 92
92 91 93
91 90 94
95 96 97
96 95 98
96 99 97
99 96 100
101 102 103
104 105 106
105 104 107
108 109 110
109 108 111
112 113 114
113 112 115
116 117 118
116 118 119
120 116 119
116 120 121
122 121 120
120 119 123
124 125 126
125 124 127
125 128 126
128 125 129
130 131 132
133 134 135
134 133 136
137 138 139
138 137 140
141 142 143
142 141 144
145 146 147
145 148 146
145 149 148
149 145 150
150 151 149
148 149 152
153 154 155
154 153 156
157 154 156
154 157 158
159 160 161
162 163 164
163 162 165
166 167 168
167 166 169
170 171 172
171 170 173
174 175 176
174 177 175
174 178 177
179 177 178
178 174 180
178 180 181
182 183 184
183 182 185
186 183 185
183 186 187
188 189 190
191 192 193
192 191 194
195 196 197
196 195 198
199 200 201
200 199 202
203 204 205
203 205 206
207 203 206
203 207 208
208 207 209
207 206 210
211 212 213
212 211 214
212 215 213
215 212 216
217 218 219
220 221 222
221 220 223
224 225 226
225 224 227
228 229 230
229 228 231
232 233 234
232 235 233
232 236 235
237 235 236
236 232 238
236 238 239
240 241 242
241 240 243
244 241 243
241 244 245
246 247 248
249 250 251
250 249 252
253 254 255
254 253 256
257 258 259
258 257 260
261 262 263
261 263 264
265 261 264
261 265 266
266 265 267
265 264 268
269 270 271
270 269 272
270 273 271
273 270 274
275 276 277
278 279 280
279 278 281
282 283 284
283 282 285
286 287 288
287 286 289
290 291 292
290 293 291
290 294 293
295 293 294
294 290 296
294 296 297
298 299 300
299 298 301
302 299 301
299 302 303
304 305 306
307 308 309
308 307 310
311 312 313
312 311 314
315 316 317
316 315 318
319 320 321
319 321 322
323 319 322
319 323 324
324 323 325
323 322 326
327 328 329
328 327 330
328 331 329
331 328 332
333 334 335
336 337 338
337 336 339
340 341 342
341 340 343
344 345 346
345 344 347
348 349 350
349 348 351
349 352 350
352 349 353
354 355 356
355 354 357
358 359 360
360 361 358
361 360 362
361 362 363
361 363 364
362 360 365
366 367 368
366 368 369
370 366 369
366 370 371
371 370 372
370 369 373
374 375 376
375 374 377
378 379 380
379 378 381
382 383 384
383 382 385
386 387 388
387 386 389
390 386 388
386 390 391
392 393 394
393 392 395
396 397 398
399 397 396
397 399 400
399 401 400
399 402 401
397 400 403
404 405 406
404 407 405
404 408 407
408 404 409
409 410 408
407 408 411
412 413 414
413 412 415
416 417 418
417 416 419
420 421 422
421 420 423
424 425 426
425 424 427
425 428 426
428 425 429
430 431 432
431 430 433
434 435 436
436 437 434
437 436 438
437 438 439
437 439 440
438 436 441
442 443 444
442 444 445
446 442 445
442 446 447
447 446 448
446 445 449
450 451 452
451 450 453
454 455 456
455 454 457
458 459 460
459 458 461
462 463 464
463 462 465
463 466 464
466 463 467
468 469 470
469 468 471
472 473 474
474 475 472
475 474 476
475 476 477
475 477 478
476 474 479
480 481 482
480 482 483
484 480 483
480 484 485
485 484 486
484 483 487
488 489 490
489 488 491
492 493 494
493 492 495
496 497 498
497 496 499
500 501 502
501 500 503
501 504 502
504 501 505
506 507 508
507 506 509
510 511 512
512 513 510
513 512 514
513 514 515
513 515 516
514 512 517
518 519 520
518 520 521
522 518 521
518 522 523
523 522 524
522 521 525
526 527 528
527 526 529
530 531 532
531 530 533
534 535 536
535 534 537
538 539 540
539 538 541
539 542 540
542 539 543
544 545 546
545 544 547
548 549 550
550 551 548
551 550 552
551 552 553
551 553 554
552 550 555
556 557 558
556 558 559
560 556 559
556 560 561
561 560 562
560 559 563
564 565 566
565 564 567
568 569 570
569 568 571
572 573 574
573 572 575
576 577 578
577 576 579
580 581 582
581 580 583
584 585 586
585 584 587
588 589 590
589 588 591
592 593 594
593 592 595
596 597 598
597 596 599
600 601 602
601 600 603
604 605 606
605 604 607
608 609 610
609 608 611
612 613 614
613 612 615
616 617 618
617 616 619
620 621 622
621 620 623
624 625 626
625 624 627
624 628 627
628 624 629
630 631 632
631 630 633
634 635 636
635 634 637
638 639 640
639 638 641
642 643 644
643 642 645
646 647 648
647 646 649
650 651 652
651 650 653
654 655 656
655 654 657
658 657 654
657 658 659
660 659 658
659 660 661
662 661 660
661 662 663
664 656 655
656 664 665
666 665 664
665 666 667
657 668 655
668 657 669
659 669 657
669 659 670
661 670 659
670 661 671
663 671 661
671 663 672
664 673 666
673 664 674
655 674 664
674 655 668
675 676 677
676 675 678
679 677 676
677 679 680
681 680 679
680 681 682
683 682 681
682 683 684
685 678 675
678 685 686
687 686 685
686 687 688
689 690 691
690 689 692
690 693 691
693 690 694
695 696 697
696 695 698
699 698 695
698 699 700
701 702 703
702 701 704
704 705 702
705 704 706
707 708 709
708 707 710
708 711 709
711 708 712
713 714 715
714 713 716
717 716 713
716 717 718
719 720 721
720 719 722
722 723 720
723 722 724
725 726 727
726 725 728
726 729 727
729 726 730
731 732 733
732 731 734
735 734 731
734 735 736
737 738 739
738 737 740
740 741 738
741 740 742
743 744 745
744 743 746
744 747 745
747 744 748
749 750 751
750 749 752
753 752 749
752 753 754
755 756 757
756 755 758
758 759 756
759 758 760
761 762 763
762 761 764
762 765 763
765 762 766
767 768 769
768 767 770
771 770 767
770 771 772
773 774 775
774 773 776
776 777 774
777 776 778
779 780 781
780 779 782
780 783 781
783 780 784
785 786 787
786 785 788
789 788 785
788 789 790
791 792 793
792 791 794
794 795 792
795 794 796
797 798 799
798 797 800
801 802 803
802 801 804
805 806 807
806 805 808
809 810 811
810 809 812
813 814 815
814 813 816
817 818 819
818 817 820
821 822 823
822 821 824
825 824 821
824 825 826
827 826 825
826 827 828
829 828 827
828 829 830
831 823 822
823 831 832
833 832 831
832 833 834
835 836 837
836 835 838
837 839 835
839 837 840
840 841 839
841 840 842
842 843 841
843 842 844
838 845 836
845 838 846
846 847 845
847 846 848
849 850 851
850 849 852
853 854 855
854 853 856
857 858 859
858 857 860
861 862 863
862 861 864
865 866 867
866 865 868
869 870 871
870 869 872
873 874 875
874 873 876
876 877 874
877 876 878
878 879 877
879 878 880
880 881 879
881 880 882
875 883 873
883 875 884
884 885 883
885 884 886
887 888 889
888 887 890
891 892 893
892 891 894
895 896 897
896 895 898
899 900 901
900 899 902
903 904 905
904 903 906
907 908 909
908 907 910
911 912 913
912 911 914
915 916 917
916 915 918
919 920 921
920 919 922
923 924 925
924 923 926
927 928 929
928 927 930
931 932 933
932 931 934
935 936 937
936 935 938
939 938 935
938 939 940
941 940 939
940 941 942
943 942 941
942 943 944
945 937 936
937 945 946
947 946 945
946 947 948
938 949 936
949 938 950
940 950 938
950 940 951
942 951 940
951 942 952
944 952 942
952 944 953
945 954 947
954 945 955
936 955 945
955 936 949
956 957 958
957 956 959
960 958 957
958 960 961
962 961 960
961 962 963
964 963 962
963 964 965
966 959 956
959 966 967
968 967 966
967 968 969
970 971 972
971 970 973
974 975 976
975 974 977
978 979 980
979 978 981
982 983 984
983 982 985
986 987 988
987 986 989
990 991 992
991 990 993
994 995 996
995 994 997
998 997 994
997 998 999
1000 999 998
999 1000 1001
1002 1001 1000
1001 1002 1003
1004 996 995
996 1004 1005
1006 1005 1004
1005 1006 1007
997 1008 995
1008 997 1009
999 1009 997
1009 999 1010
1001 1010 999
1010 1001 1011
1003 1011 1001
1011 1003 1012
1004 1013 1006
1013 1004 1014
995 1014 1004
1014 995 1008
1015 1016 1017
1016 1015 1018
1019 1017 1016
1017 1019 1020
1021 1020 1019
1020 1021 1022
1023 1022 1021
1022 1023 1024
1025 1018 1015
1018 1025 1026
1027 1026 1025
1026 1027 1028
1029 1030 1031
1030 1029 1032
1033 1034 1035
1034 1033 1036
1037 1038 1039
1038 1037 1040
1041 1042 1043
1042 1041 1044
1045 1046 1047
1046 1045 1048
1049 1050 1051
1050 1049 1052
1053 1054 1055
1054 1053 1056
1057 1056 1053
1056 1057 1058
1059 1058 1057
1058 1059 1060
1061 1060 1059
1060 1061 1062
1063 1055 1054
1055 1063 1064
1065 1064 1063
1064 1065 1066
1067 1068 1069
1068 1067 1070
1071 1072 1073
1072 1071 1074
1075 1076 1077
1076 1075 1078
1079 1080 1081
1080 1079 1082
1083 1084 1085
1084 1083 1086
1087 1088 1089
1088 1087 1090
1091 1092 1093
1092 1091 1094
1095 1094 1091
1094 1095 1096
1097 1096 1095
1096 1097 1098
1099 1098 1097
1098 1099 1100
1101 1093 1092
1093 1101 1102
1103 1102 1101
1102 1103 1104
1105 1106 1107
1106 1105 1108
1109 1110 1111
1110 1109 1112
1113 1114 1115
1114 1113 1116
1117 1118 1119
1118 1117 1120
1121 1122 1123
1122 1121 1124
1125 1126 1127
1126 1125 1128
1129 1130 1131
1130 1129 1132
1131 1133 1129
1133 1131 1134
1134 1135 1133
1135 1134 1136
1136 1137 1135
1137 1136 1138
1132 1139 1130
1139 1132 1140
1140 1141 1139
1141 1140 1142
1143 1144 1145
1144 1143 1146
1145 1147 1143
1147 1145 1148
1148 1149 1147
1149 1148 1150
1150 1151 1149
1151 1150 1152
1146 1153 1144
1153 1146 1154
1154 1155 1153
1155 1154 1156
1157 1158 1159
1158 1157 1160
1161 1162 1163
1162 1161 1164
1165 1166 1167
1166 1165 1168
1169 1167 1166
1167 1169 1170
1171 1172 1173
1172 1171 1174
1172 1175 1173
1175 1172 1176
1177 1178 1179
1177 1180 1178
1181 1179 1178
1179 1181 1182
1183 1182 1181
1184 1183 1181
1183 1184 1185
1186 1185 1184
1180 1187 1178
1188 1187 1180
1188 1189 1187
1189 1190 1187
1191 1190 1189
1191 1192 1190
1193 1190 1192
1190 1193 1194
1195 1194 1193
1186 1184 1196
1197 1186 1196
1196 1198 1197
1198 1196 1199
1199 1200 1198
1200 1199 1201
1202 1203 1204
1203 1202 1205
1206 1207 1208
1207 1206 1209
1210 1211 1212
1210 1212 1213
1214 1213 1212
1215 1213 1214
1215 1214 1216
1211 1217 1212
1217 1211 1218
1219 1217 1218
1219 1220 1217
1220 1219 1221
1222 1216 1214
1223 1216 1222
1223 1222 1224
1222 1225 1224
1225 1222 1226
1227 1225 1226
1228 1220 1221
1228 1229 1220
1230 1229 1228
1231 1229 1230
1229 1231 1232
1233 1232 1231
1232 1233 1234
1235 1236 1237
1236 1235 1238
1239 1240 1241
1240 1239 1242
1243 1244 1245
1244 1243 1246
1247 1248 1249
1248 1247 1250
1251 1252 1253
1252 1251 1254
1255 1256 1257
1256 1255 1258
1259 1260 1261
1260 1259 1262
1263 1264 1265
1264 1263 1266
1267 1268 1269
1268 1267 1270
1271 1272 1273
1272 1271 1274
1275 1276 1277
1276 1275 1278
1279 1280 1281
1280 1279 1282
1283 1284 1285
1284 1283 1286
1287 1288 1289
1288 1287 1290
1291 1292 1293
1292 1291 1294
1295 1296 1297
1296 1295 1298
1299 1300 1301
1300 1299 1302
1303 1304 1305
1304 1303 1306
1307 1308 1309
1308 1307 1310
1311 1310 1307
1310 1311 1312
1313 1312 1311
1312 1313 1314
1315 1314 1313
1314 1315 1316
1317 1309 1308
1309 1317 1318
1319 1318 1317
1318 1319 1320
1321 1322 1323
1322 1321 1324
1321 1325 1324
1325 1321 1326
1326 1327 1325
1327 1326 1328
1329 1330 1331
1330 1329 1332
1329 1333 1332
1333 1329 1334
1335 1336 1337
1336 1335 1338
1335 1339 1338
1339 1335 1340
1341 1342 1343
1342 1341 1344
1341 1345 1344
1345 1341 1346
1346 1347 1345
1347 1346 1348
1349 1350 1351
1350 1349 1352
1353 1352 1349
1352 1353 1354
1355 1356 1357
1356 1355 1358
1355 1359 1358
1359 1355 1360
1360 1361 1359
1361 1360 1362
1363 1364 1365
1364 1363 1366
1364 1367 1365
1367 1364 1368
1369 1367 1368
1367 1369 1370
1369 1371 1370
1371 1369 1372
1373 1371 1372
1371 1373 1374
1375 1366 1363
1366 1375 1376
1375 1377 1376
1377 1375 1378
1379 1377 1378
1377 1379 1380
1379 1381 1380
1381 1379 1382
1373 1383 1374
1383 1373 1384
1384 1385 1383
1385 1384 1386
1387 1385 1386
1385 1387 1388
1382 1389 1381
1389 1382 1390
1390 1391 1389
1391 1390 1392
1392 1393 1391
1393 1392 1394
1395 1396 1397
1396 1395 1398
1399 1400 1401
1400 1399 1402
1403 1404 1405
1404 1403 1406
1407 1408 1409
1408 1407 1410
1411 1412 1413
1412 1411 1414
1415 1416 1417
1416 1415 1418
1419 1420 1421
1420 1419 1422
1423 1422 1419
1422 1423 1424
1425 1424 1423
1424 1425 1426
1427 1426 1425
1426 1427 1428
1429 1421 1420
1421 1429 1430
1431 1430 1429
1430 1431 1432
1433 1434 1435
1434 1433 1436
1435 1437 1433
1437 1435 1438
1438 1439 1437
1439 1438 1440
1440 1441 1439
1441 1440 1442
1436 1443 1434
1443 1436 1444
1444 1445 1443
1445 1444 1446
1447 1448 1449
1448 1447 1450
1451 1452 1453
1452 1451 1454
1455 1456 1457
1456 1455 1458
1459 1460 1461
1460 1459 1462
1463 1464 1465
1464 1463 1466
1467 1468 1469
1468 1467 1470
1471 1472 1473
1472 1471 1474
1475 1473 1472
1473 1475 1476
1477 1476 1475
1476 1477 1478
1479 1478 1477
1478 1479 1480
1481 1474 1471
1474 1481 1482
1483 1482 1481
1482 1483 1484
1485 1486 1487
1486 1485 1488
1489 1486 1488
1486 1489 1490
1491 1490 1489
1490 1491 1492
1493 1494 1495
1494 1493 1496
1497 1498 1499
1497 1500 1498
1500 1501 1498
1500 1502 1501
1500 1503 1502
1500 1504 1503
1505 1506 1507
1506 1505 1508
1508 1509 1506
1508 1510 1509
1508 1511 1510
1511 1512 1510
1505 1513 1508
1514 1515 1516
1515 1514 1517
1518 1519 1520
1519 1518 1521
1522 1519 1521
1519 1522 1523
1524 1523 1522
1523 1524 1525
1526 1527 1528
1527 1526 1529
1530 1531 1532
1530 1533 1531
1533 1534 1531
1533 1535 1534
1533 1536 1535
1533 1537 1536
1538 1539 1540
1539 1538 1541
1541 1542 1539
1541 1543 1542
1541 1544 1543
1544 1545 1543
1538 1546 1541
1547 1548 1549
1548 1547 1550
1551 1552 1553
1552 1551 1554
1555 1552 1554
1552 1555 1556
1557 1556 1555
1556 1557 1558
1559 1560 1561
1560 1559 1562
1563 1564 1565
1563 1566 1564
1566 1567 1564
1566 1568 1567
1566 1569 1568
1566 1570 1569
1571 1572 1573
1572 1571 1574
1574 1575 1572
1574 1576 1575
1574 1577 1576
1577 1578 1576
1571 1579 1574
1580 1581 1582
1581 1580 1583
1584 1585 1586
1585 1584 1587
1588 1585 1587
1585 1588 1589
1590 1589 1588
1589 1590 1591
1592 1593 1594
1593 1592 1595
1596 1597 1598
1596 1599 1597
1599 1600 1597
1599 1601 1600
1599 1602 1601
1599 1603 1602
1604 1605 1606
1605 1604 1607
1607 1608 1605
1607 1609 1608
1607 1610 1609
1610 1611 1609
1604 1612 1607
1613 1614 1615
1614 1613 1616
1617 1618 1619
1618 1617 1620
1621 1618 1620
1618 1621 1622
1623 1622 1621
1622 1623 1624
1625 1626 1627
1626 1625 1628
1629 1630 1631
1629 1632 1630
1632 1633 1630
1632 1634 1633
1632 1635 1634
1632 1636 1635
1637 1638 1639
1638 1637 1640
1640 1641 1638
1640 1642 1641
1640 1643 1642
1643 1644 1642
1637 1645 1640
1646 1647 1648
1647 1646 1649
1650 1651 1652
1651 1650 1653
1654 1651 1653
1651 1654 1655
1656 1655 1654
1655 1656 1657
1658 1659 1660
1659 1658 1661
1662 1663 1664
1662 1665 1663
1665 1666 1663
1665 1667 1666
1665 1668 1667
1665 1669 1668
1670 1671 1672
1671 1670 1673
1673 1674 1671
1673 1675 1674
1673 1676 1675
1676 1677 1675
1670 1678 1673
1679 1680 1681
1680 1679 1682
1683 1684 1685
1684 1683 1686
1687 1684 1686
1684 1687 1688
