byte offset: 0
first index: 204
index count: 144
topology: trianglelist
format: DXGI_FORMAT_R16_UINT

136 137 138
137 136 139
140 139 136
139 140 141
142 137 139
137 142 143
144 136 138
136 144 145
145 144 146
143 147 137
147 143 148
149 148 143
149 143 142
148 149 150
150 151 148
151 150 152
153 148 151
148 153 147
153 154 147
154 153 155
151 152 156
144 157 146
157 144 158
158 159 157
159 158 160
159 160 161
162 163 164
163 162 165
162 166 165
166 162 167
168 166 167
166 168 169
170 164 163
164 170 171
168 172 169
172 168 173
174 173 168
175 174 168
174 175 176
173 174 177
171 178 164
179 164 178
164 179 180
178 171 181
182 183 184
183 182 185
186 187 188
187 186 189
