byte offset: 0
first index: 1164
index count: 3732
topology: trianglelist
format: DXGI_FORMAT_R16_UINT

544 545 546
545 544 547
548 549 550
549 548 551
552 553 554
553 552 555
556 557 558
557 556 559
560 561 562
561 560 563
564 565 566
565 564 567
568 569 570
569 568 571
570 572 568
572 570 573
574 572 573
572 574 575
576 577 578
577 576 579
578 580 576
580 578 581
582 580 581
580 582 583
584 585 586
585 584 587
588 589 590
589 588 591
592 593 594
593 592 595
596 597 598
597 596 599
600 601 602
601 600 603
604 605 606
605 604 607
608 609 610
609 608 611
612 613 614
613 612 615
616 617 618
617 616 619
620 621 622
621 620 623
624 625 626
625 624 627
628 629 630
629 628 631
632 633 634
633 632 635
636 637 638
637 636 639
640 641 642
641 640 643
644 645 646
645 644 647
648 649 650
649 648 651
652 653 654
653 652 655
656 657 658
657 656 659
660 661 662
661 660 663
664 665 666
665 664 667
668 669 670
669 668 671
672 673 674
673 672 675
676 677 678
677 676 679
680 681 682
681 680 683
684 685 686
685 684 687
688 689 690
689 688 691
690 692 688
692 690 693
693 694 692
694 693 695
696 697 698
697 696 699
700 701 702
701 700 703
704 705 706
705 704 707
708 709 710
709 708 711
712 713 714
713 712 715
716 717 718
719 720 721
720 719 722
723 724 725
724 723 726
727 728 729
728 727 730
731 732 733
732 731 734
735 736 737
738 739 740
739 738 741
742 743 744
743 742 745
746 747 748
747 746 749
750 751 752
753 754 755
754 753 756
757 758 759
758 757 760
761 762 763
762 761 764
765 766 767
766 765 768
769 770 771
772 773 774
773 772 775
776 777 778
777 776 779
780 781 782
781 780 783
784 785 786
785 784 787
786 788 784
788 786 789
789 790 788
790 789 791
792 793 794
793 792 795
796 797 798
797 796 799
800 801 802
801 800 803
804 805 806
805 804 807
808 809 810
809 808 811
812 813 814
813 812 815
816 817 818
819 820 821
820 819 822
823 824 825
824 823 826
827 828 829
828 827 830
831 832 833
832 831 834
835 836 837
838 839 840
839 838 841
842 843 844
843 842 845
846 847 848
847 846 849
850 851 852
853 854 855
854 853 856
857 858 859
858 857 860
861 862 863
862 861 864
865 866 867
866 865 868
869 870 871
872 873 874
873 872 875
876 877 878
877 876 879
880 881 882
881 880 883
884 885 886
885 884 887
888 889 890
889 888 891
892 893 894
893 892 895
896 897 898
897 896 899
900 901 902
901 900 903
904 903 900
903 904 905
904 906 905
906 904 907
908 909 910
909 908 911
912 911 908
911 912 913
912 914 913
914 912 915
916 917 918
917 916 919
920 921 922
921 920 923
924 925 926
925 924 927
928 929 930
929 928 931
932 933 934
933 932 935
936 937 938
937 936 939
940 941 942
941 940 943
944 945 946
945 944 947
948 949 950
949 948 951
952 953 954
953 952 955
956 957 958
957 956 959
960 961 962
961 960 963
964 965 966
965 964 967
968 969 970
969 968 971
972 973 974
973 972 975
976 977 978
977 976 979
980 981 982
981 980 983
984 985 986
985 984 987
988 989 990
989 988 991
992 993 994
993 992 995
996 997 998
997 996 999
1000 1001 1002
1001 1000 1003
1004 1005 1006
1004 1007 1005
1008 1009 1010
1009 1008 1011
1012 1013 1014
1013 1012 1015
1016 1017 1018
1017 1016 1019
1020 1021 1022
1021 1020 1023
1024 1023 1020
1023 1024 1025
1026 1025 1024
1025 1026 1027
1028 1029 1030
1029 1028 1031
1032 1033 1034
1033 1032 1035
1036 1037 1038
1037 1036 1039
1040 1041 1042
1041 1040 1043
1044 1045 1046
1045 1044 1047
1048 1049 1050
1051 1052 1053
1052 1051 1054
1055 1056 1057
1056 1055 1058
1059 1060 1061
1060 1059 1062
1063 1064 1065
1064 1063 1066
1067 1068 1069
1070 1071 1072
1071 1070 1073
1074 1075 1076
1075 1074 1077
1078 1079 1080
1079 1078 1081
1082 1083 1084
1085 1086 1087
1086 1085 1088
1089 1090 1091
1090 1089 1092
1093 1094 1095
1094 1093 1096
1097 1098 1099
1098 1097 1100
1101 1102 1103
1104 1105 1106
1105 1104 1107
1108 1109 1110
1109 1108 1111
1112 1113 1114
1113 1112 1115
1116 1117 1118
1117 1116 1119
1120 1119 1116
1119 1120 1121
1122 1121 1120
1121 1122 1123
1124 1125 1126
1125 1124 1127
1128 1129 1130
1129 1128 1131
1132 1133 1134
1133 1132 1135
1136 1137 1138
1137 1136 1139
1140 1141 1142
1141 1140 1143
1144 1145 1146
1145 1144 1147
1148 1149 1150
1151 1152 1153
1152 1151 1154
1155 1156 1157
1156 1155 1158
1159 1160 1161
1160 1159 1162
1163 1164 1165
1164 1163 1166
1167 1168 1169
1170 1171 1172
1171 1170 1173
1174 1175 1176
1175 1174 1177
1178 1179 1180
1179 1178 1181
1182 1183 1184
1185 1186 1187
1186 1185 1188
1189 1190 1191
1190 1189 1192
1193 1194 1195
1194 1193 1196
1197 1198 1199
1198 1197 1200
1201 1202 1203
1204 1205 1206
1205 1204 1207
1208 1209 1210
1209 1208 1211
1212 1213 1214
1213 1212 1215
1216 1217 1218
1217 1216 1219
1220 1221 1222
1221 1220 1223
1224 1225 1226
1225 1224 1227
1228 1229 1230
1229 1228 1231
1232 1233 1234
1233 1232 1235
1236 1237 1238
1237 1236 1239
1240 1241 1242
1241 1240 1243
1244 1243 1240
1243 1244 1245
1244 1246 1245
1246 1244 1247
1248 1249 1250
1249 1248 1251
1252 1251 1248
1251 1252 1253
1252 1254 1253
1254 1252 1255
1256 1257 1258
1257 1256 1259
1260 1261 1262
1261 1260 1263
1264 1265 1266
1265 1264 1267
1268 1269 1270
1269 1268 1271
1272 1273 1274
1273 1272 1275
1276 1277 1278
1277 1276 1279
1280 1281 1282
1281 1280 1283
1284 1285 1286
1285 1284 1287
1288 1289 1290
1289 1288 1291
1292 1293 1294
1293 1292 1295
1296 1297 1298
1297 1296 1299
1300 1301 1302
1301 1300 1303
1304 1305 1306
1305 1304 1307
1308 1309 1310
1309 1308 1311
1312 1313 1314
1313 1312 1315
1316 1317 1318
1317 1316 1319
1320 1321 1322
1321 1320 1323
1324 1325 1326
1325 1324 1327
1328 1329 1330
1329 1328 1331
1332 1333 1334
1333 1332 1335
1336 1337 1338
1337 1336 1339
1340 1341 1342
1341 1340 1343
1344 1345 1346
1345 1344 1347
1348 1349 1350
1349 1348 1351
1352 1353 1354
1353 1352 1355
1356 1357 1358
1357 1356 1359
1360 1361 1362
1361 1360 1363
1364 1363 1360
1363 1364 1365
1366 1365 1364
1365 1366 1367
1368 1369 1370
1369 1368 1371
1372 1373 1374
1373 1372 1375
1376 1377 1378
1377 1376 1379
1380 1381 1382
1381 1380 1383
1384 1385 1386
1385 1384 1387
1388 1389 1390
1391 1392 1393
1392 1391 1394
1395 1396 1397
1396 1395 1398
1399 1400 1401
1400 1399 1402
1403 1404 1405
1404 1403 1406
1407 1408 1409
1410 1411 1412
1411 1410 1413
1414 1415 1416
1415 1414 1417
1418 1419 1420
1419 1418 1421
1422 1423 1424
1425 1426 1427
1426 1425 1428
1429 1430 1431
1430 1429 1432
1433 1434 1435
1434 1433 1436
1437 1438 1439
1438 1437 1440
1441 1442 1443
1444 1445 1446
1445 1444 1447
1448 1449 1450
1449 1448 1451
1452 1453 1454
1453 1452 1455
1456 1457 1458
1457 1456 1459
1460 1459 1456
1459 1460 1461
1462 1461 1460
1461 1462 1463
1464 1465 1466
1465 1464 1467
1468 1469 1470
1469 1468 1471
1472 1473 1474
1473 1472 1475
1476 1477 1478
1477 1476 1479
1480 1481 1482
1481 1480 1483
1484 1485 1486
1485 1484 1487
1488 1489 1490
1491 1492 1493
1492 1491 1494
1495 1496 1497
1496 1495 1498
1499 1500 1501
1500 1499 1502
1503 1504 1505
1504 1503 1506
1507 1508 1509
1510 1511 1512
1511 1510 1513
1514 1515 1516
1515 1514 1517
1518 1519 1520
1519 1518 1521
1522 1523 1524
1525 1526 1527
1526 1525 1528
1529 1530 1531
1530 1529 1532
1533 1534 1535
1534 1533 1536
1537 1538 1539
1538 1537 1540
1541 1542 1543
1544 1545 1546
1545 1544 1547
1548 1549 1550
1549 1548 1551
1552 1553 1554
1553 1552 1555
1556 1557 1558
1557 1556 1559
1560 1561 1562
1561 1560 1563
1564 1565 1566
1565 1564 1567
1568 1569 1570
1569 1568 1571
1572 1573 1574
1573 1572 1575
1574 1576 1572
1576 1574 1577
1578 1576 1577
1576 1578 1579
1580 1581 1582
1581 1580 1583
1582 1584 1580
1584 1582 1585
1586 1584 1585
1584 1586 1587
1588 1589 1590
1589 1588 1591
1592 1593 1594
1593 1592 1595
1596 1597 1598
1597 1596 1599
1600 1601 1602
1601 1600 1603
1604 1605 1606
1605 1604 1607
1608 1609 1610
1609 1608 1611
1612 1613 1614
1613 1612 1615
1616 1617 1618
1617 1616 1619
1620 1621 1622
1621 1620 1623
1624 1625 1626
1625 1624 1627
1628 1629 1630
1629 1628 1631
1632 1633 1634
1633 1632 1635
1636 1637 1638
1637 1636 1639
1640 1641 1642
1641 1640 1643
1644 1645 1646
1645 1644 1647
1648 1649 1650
1649 1648 1651
1652 1653 1654
1653 1652 1655
1656 1657 1658
1657 1656 1659
1660 1661 1662
1661 1660 1663
1664 1665 1666
1665 1664 1667
1668 1669 1670
1669 1668 1671
1672 1673 1674
1673 1672 1675
1676 1677 1678
1677 1676 1679
1680 1681 1682
1681 1680 1683
1684 1685 1686
1685 1684 1687
1688 1689 1690
1689 1688 1691
1692 1693 1694
1693 1692 1695
1694 1696 1692
1696 1694 1697
1697 1698 1696
1698 1697 1699
1700 1701 1702
1701 1700 1703
1704 1705 1706
1705 1704 1707
1708 1709 1710
1709 1708 1711
1712 1713 1714
1713 1712 1715
1716 1717 1718
1717 1716 1719
1720 1721 1722
1723 1724 1725
1724 1723 1726
1727 1728 1729
1728 1727 1730
1731 1732 1733
1732 1731 1734
1735 1736 1737
1736 1735 1738
1739 1740 1741
1742 1743 1744
1743 1742 1745
1746 1747 1748
1747 1746 1749
1750 1751 1752
1751 1750 1753
1754 1755 1756
1757 1758 1759
1758 1757 1760
1761 1762 1763
1762 1761 1764
1765 1766 1767
1766 1765 1768
1769 1770 1771
1770 1769 1772
1773 1774 1775
1776 1777 1778
1777 1776 1779
1780 1781 1782
1781 1780 1783
1784 1785 1786
1785 1784 1787
1788 1789 1790
1789 1788 1791
1790 1792 1788
1792 1790 1793
1793 1794 1792
1794 1793 1795
1796 1797 1798
1797 1796 1799
1800 1801 1802
1801 1800 1803
1804 1805 1806
1805 1804 1807
1808 1809 1810
1809 1808 1811
1812 1813 1814
1813 1812 1815
1816 1817 1818
1817 1816 1819
1820 1821 1822
1823 1824 1825
1824 1823 1826
1827 1828 1829
1828 1827 1830
1831 1832 1833
1832 1831 1834
1835 1836 1837
1836 1835 1838
1839 1840 1841
1842 1843 1844
1843 1842 1845
1846 1847 1848
1847 1846 1849
1850 1851 1852
1851 1850 1853
1854 1855 1856
1857 1858 1859
1858 1857 1860
1861 1862 1863
1862 1861 1864
1865 1866 1867
1866 1865 1868
1869 1870 1871
1870 1869 1872
1873 1874 1875
1876 1877 1878
1877 1876 1879
1880 1881 1882
1881 1880 1883
1884 1885 1886
1885 1884 1887
1888 1889 1890
1889 1888 1891
1892 1891 1888
1891 1892 1893
1892 1894 1893
1894 1892 1895
1896 1894 1895
1894 1896 1897
1898 1897 1896
1897 1898 1899
1900 1899 1898
1899 1900 1901
1902 1890 1889
1890 1902 1903
1904 1905 1906
1905 1904 1907
1908 1909 1910
1909 1908 1911
1909 1912 1910
1912 1909 1913
1913 1914 1912
1914 1913 1915
1908 1916 1911
1916 1908 1917
1917 1918 1916
1918 1917 1919
1920 1918 1919
1918 1920 1921
1915 1922 1914
1922 1915 1923
1924 1925 1926
1925 1924 1927
1928 1927 1924
1927 1928 1929
1930 1926 1925
1926 1930 1931
1932 1933 1934
1933 1932 1935
1936 1937 1938
1937 1936 1939
1940 1941 1942
1941 1940 1943
1944 1945 1946
1945 1944 1947
1946 1948 1944
1948 1946 1949
1950 1948 1949
1948 1950 1951
1950 1952 1951
1952 1950 1953
1953 1954 1952
1954 1953 1955
1955 1956 1954
1956 1955 1957
1947 1958 1945
1958 1947 1959
1960 1961 1962
1961 1960 1963
1964 1965 1966
1965 1964 1967
1968 1965 1967
1965 1968 1969
1970 1969 1968
1969 1970 1971
1972 1964 1966
1964 1972 1973
1974 1973 1972
1973 1974 1975
1974 1976 1975
1976 1974 1977
1978 1971 1970
1971 1978 1979
1980 1981 1982
1981 1980 1983
1982 1984 1980
1984 1982 1985
1983 1986 1981
1986 1983 1987
1988 1989 1990
1989 1988 1991
1992 1993 1994
1993 1992 1995
1996 1997 1998
1997 1996 1999
2000 2001 2002
2001 2000 2003
2002 2004 2000
2004 2002 2005
2006 2004 2005
2004 2006 2007
2006 2008 2007
2008 2006 2009
2009 2010 2008
2010 2009 2011
2011 2012 2010
2012 2011 2013
2003 2014 2001
2014 2003 2015
2016 2017 2018
2017 2016 2019
2020 2021 2022
2021 2020 2023
2024 2021 2023
2021 2024 2025
2026 2025 2024
2025 2026 2027
2028 2020 2022
2020 2028 2029
2030 2029 2028
2029 2030 2031
2030 2032 2031
2032 2030 2033
2034 2027 2026
2027 2034 2035
2036 2037 2038
2037 2036 2039
2038 2040 2036
2040 2038 2041
2039 2042 2037
2042 2039 2043
2044 2045 2046
2045 2044 2047
2048 2049 2050
2049 2048 2051
2052 2053 2054
2053 2052 2055
2056 2057 2058
2057 2056 2059
2060 2059 2056
2059 2060 2061
2060 2062 2061
2062 2060 2063
2064 2062 2063
2062 2064 2065
2066 2065 2064
2065 2066 2067
2068 2067 2066
2067 2068 2069
2070 2058 2057
2058 2070 2071
2072 2073 2074
2073 2072 2075
2076 2077 2078
2077 2076 2079
2077 2080 2078
2080 2077 2081
2081 2082 2080
2082 2081 2083
2076 2084 2079
2084 2076 2085
2085 2086 2084
2086 2085 2087
2088 2086 2087
2086 2088 2089
2083 2090 2082
2090 2083 2091
2092 2093 2094
2093 2092 2095
2096 2095 2092
2095 2096 2097
2098 2094 2093
2094 2098 2099
2100 2101 2102
2101 2100 2103
2104 2105 2106
2105 2104 2107
2108 2109 2110
2109 2108 2111
2112 2113 2114
2113 2112 2115
2116 2115 2112
2115 2116 2117
2116 2118 2117
2118 2116 2119
2120 2118 2119
2118 2120 2121
2122 2121 2120
2121 2122 2123
2124 2123 2122
2123 2124 2125
2126 2114 2113
2114 2126 2127
2126 2128 2127
2128 2126 2129
2129 2130 2128
2130 2129 2131
2132 2130 2131
2130 2132 2133
2132 2134 2133
2134 2132 2135
2135 2136 2134
2136 2135 2137
2137 2138 2136
2138 2137 2139
2140 2141 2142
2141 2140 2143
2144 2145 2146
2145 2144 2147
2145 2148 2146
2148 2145 2149
2149 2150 2148
2150 2149 2151
2144 2152 2147
2152 2144 2153
2153 2154 2152
2154 2153 2155
2151 2156 2150
2156 2151 2157
2155 2158 2154
2158 2155 2159
2160 2158 2159
2158 2160 2161
2162 2161 2160
2161 2162 2163
2162 2164 2163
2164 2162 2165
2166 2164 2165
2164 2166 2167
2168 2167 2166
2167 2168 2169
2170 2169 2168
2169 2170 2171
2172 2173 2174
2173 2172 2175
2176 2175 2172
2175 2176 2177
2178 2174 2173
2174 2178 2179
2180 2181 2182
2181 2180 2183
2184 2185 2186
2185 2184 2187
2188 2189 2190
2189 2188 2191
2190 2192 2188
2192 2190 2193
2194 2192 2193
2192 2194 2195
2194 2196 2195
2196 2194 2197
2197 2198 2196
2198 2197 2199
2199 2200 2198
2200 2199 2201
2191 2202 2189
2202 2191 2203
2204 2202 2203
2202 2204 2205
2206 2205 2204
2205 2206 2207
2206 2208 2207
2208 2206 2209
2210 2208 2209
2208 2210 2211
2212 2211 2210
2211 2212 2213
2214 2213 2212
2213 2214 2215
2216 2217 2218
2217 2216 2219
2220 2221 2222
2221 2220 2223
2224 2221 2223
2221 2224 2225
2226 2225 2224
2225 2226 2227
2228 2220 2222
2220 2228 2229
2230 2229 2228
2229 2230 2231
2232 2227 2226
2227 2232 2233
2234 2231 2230
2231 2234 2235
2234 2236 2235
2236 2234 2237
2237 2238 2236
2238 2237 2239
2240 2238 2239
2238 2240 2241
2240 2242 2241
2242 2240 2243
2243 2244 2242
2244 2243 2245
2245 2246 2244
2246 2245 2247
2248 2249 2250
2249 2248 2251
2250 2252 2248
2252 2250 2253
2251 2254 2249
2254 2251 2255
2256 2257 2258
2257 2256 2259
2260 2261 2262
2261 2260 2263
2264 2265 2266
2265 2264 2267
2268 2269 2270
2269 2268 2271
2270 2272 2268
2272 2270 2273
2271 2274 2269
2274 2271 2275
2276 2277 2278
2277 2276 2279
2280 2281 2282
2281 2280 2283
2284 2285 2286
2285 2284 2287
2288 2289 2290
2289 2288 2291
2292 2293 2294
2293 2292 2295
2296 2295 2292
2295 2296 2297
2298 2294 2293
2294 2298 2299
2300 2301 2302
2301 2300 2303
2304 2305 2306
2305 2304 2307
2308 2309 2310
2309 2308 2311
2312 2313 2314
2313 2312 2315
2316 2315 2312
2315 2316 2317
2316 2318 2317
2318 2316 2319
2320 2318 2319
2318 2320 2321
2322 2321 2320
2321 2322 2323
2324 2323 2322
2323 2324 2325
2326 2314 2313
2314 2326 2327
2328 2329 2330
2329 2328 2331
2332 2333 2334
2333 2332 2335
2333 2336 2334
2336 2333 2337
2337 2338 2336
2338 2337 2339
2332 2340 2335
2340 2332 2341
2341 2342 2340
2342 2341 2343
2344 2342 2343
2342 2344 2345
2339 2346 2338
2346 2339 2347
2348 2349 2350
2349 2348 2351
2352 2351 2348
2351 2352 2353
2354 2350 2349
2350 2354 2355
2356 2357 2358
2357 2356 2359
2360 2361 2362
2361 2360 2363
2364 2365 2366
2365 2364 2367
2368 2369 2370
2369 2368 2371
2370 2372 2368
2372 2370 2373
2374 2372 2373
2372 2374 2375
2374 2376 2375
2376 2374 2377
2377 2378 2376
2378 2377 2379
2379 2380 2378
2380 2379 2381
2371 2382 2369
2382 2371 2383
2384 2385 2386
2385 2384 2387
2388 2389 2390
2389 2388 2391
2392 2389 2391
2389 2392 2393
2394 2393 2392
2393 2394 2395
2396 2388 2390
2388 2396 2397
2398 2397 2396
2397 2398 2399
2398 2400 2399
2400 2398 2401
2402 2395 2394
2395 2402 2403
2404 2405 2406
2405 2404 2407
2406 2408 2404
2408 2406 2409
2407 2410 2405
2410 2407 2411
2412 2413 2414
2413 2412 2415
2416 2417 2418
2417 2416 2419
2420 2421 2422
2421 2420 2423
2424 2425 2426
2425 2424 2427
2426 2428 2424
2428 2426 2429
2430 2428 2429
2428 2430 2431
2430 2432 2431
2432 2430 2433
2433 2434 2432
2434 2433 2435
2435 2436 2434
2436 2435 2437
2427 2438 2425
2438 2427 2439
2440 2441 2442
2441 2440 2443
2444 2445 2446
2445 2444 2447
2448 2445 2447
2445 2448 2449
2450 2449 2448
2449 2450 2451
2452 2444 2446
2444 2452 2453
2454 2453 2452
2453 2454 2455
2454 2456 2455
2456 2454 2457
2458 2451 2450
2451 2458 2459
2460 2461 2462
2461 2460 2463
2462 2464 2460
2464 2462 2465
2463 2466 2461
2466 2463 2467
2468 2469 2470
2469 2468 2471
2472 2473 2474
2473 2472 2475
2476 2477 2478
2477 2476 2479
2480 2481 2482
2481 2480 2483
2484 2483 2480
2483 2484 2485
2484 2486 2485
2486 2484 2487
2488 2486 2487
2486 2488 2489
2490 2489 2488
2489 2490 2491
2492 2491 2490
2491 2492 2493
2494 2482 2481
2482 2494 2495
2496 2497 2498
2497 2496 2499
2500 2501 2502
2501 2500 2503
2501 2504 2502
2504 2501 2505
2505 2506 2504
2506 2505 2507
2500 2508 2503
2508 2500 2509
2509 2510 2508
2510 2509 2511
2512 2510 2511
2510 2512 2513
2507 2514 2506
2514 2507 2515
2516 2517 2518
2517 2516 2519
2520 2519 2516
2519 2520 2521
2522 2518 2517
2518 2522 2523
2524 2525 2526
2525 2524 2527
2528 2529 2530
2529 2528 2531
2532 2533 2534
2533 2532 2535
2536 2537 2538
2537 2536 2539
2540 2538 2537
2538 2540 2541
2542 2541 2540
2541 2542 2543
2544 2545 2546
2545 2544 2547
2548 2549 2550
2549 2548 2551
2552 2553 2554
2553 2552 2555
2556 2555 2552
2555 2556 2557
2558 2557 2556
2557 2558 2559
2560 2561 2562
2561 2560 2563
2564 2565 2566
2565 2564 2567
2568 2569 2570
2569 2568 2571
2572 2571 2568
2571 2572 2573
2574 2573 2572
2573 2574 2575
2576 2577 2578
2577 2576 2579
2580 2581 2582
2581 2580 2583
2584 2585 2586
2585 2584 2587
2588 2589 2590
2589 2588 2591
2592 2590 2589
2590 2592 2593
2594 2593 2592
2593 2594 2595
2596 2597 2598
2597 2596 2599
2600 2601 2602
2601 2600 2603
2604 2605 2606
2605 2604 2607
2608 2609 2610
2609 2608 2611
2612 2613 2614
2613 2612 2615
2616 2617 2618
2617 2616 2619
2620 2621 2622
2621 2620 2623
2624 2625 2626
2625 2624 2627
2628 2629 2630
2629 2628 2631
2632 2633 2634
2633 2632 2635
2636 2637 2638
2637 2636 2639
2640 2641 2642
2641 2640 2643
2644 2645 2646
2645 2644 2647
