byte offset: 0
first index: 0
index count: 1746
topology: trianglelist
format: DXGI_FORMAT_R16_UINT

0 1 2
1 0 3
4 5 6
5 4 7
8 9 10
9 8 11
12 13 14
13 12 15
16 17 18
17 16 19
20 21 22
21 20 23
24 25 26
25 24 27
28 29 30
29 28 31
32 33 34
33 32 35
36 37 38
37 36 39
40 41 42
41 40 43
44 45 46
45 44 47
48 49 50
49 48 51
52 53 54
53 52 55
56 57 58
57 56 59
60 61 62
61 60 63
64 65 66
65 64 67
64 68 67
68 64 69
70 71 72
71 70 73
71 74 72
74 71 75
76 77 78
77 79 80
79 81 82
81 83 84
85 86 87
86 85 88
89 90 91
90 89 92
93 94 95
94 93 96
97 98 99
98 97 100
101 102 103
102 101 104
105 106 107
106 105 108
109 110 111
110 109 112
113 109 111
109 113 114
115 116 117
116 115 118
119 116 118
116 119 120
121 122 123
123 124 125
125 126 127
127 128 129
130 131 132
131 130 133
134 135 136
135 134 137
138 139 140
139 138 141
142 143 144
143 142 145
146 147 148
147 146 149
150 151 152
151 150 153
154 155 156
155 154 157
154 158 157
158 154 159
160 161 162
161 160 163
161 164 162
164 161 165
166 167 168
167 169 170
169 171 172
171 173 174
175 176 177
176 175 178
179 180 181
180 179 182
183 184 185
184 183 186
187 188 189
188 187 190
191 192 193
192 191 194
195 196 197
196 195 198
199 200 201
200 199 202
203 204 205
204 203 206
207 208 209
208 207 210
211 212 213
212 211 214
215 216 217
216 215 218
219 220 221
220 219 222
223 224 225
224 223 226
227 228 229
228 227 230
231 232 233
232 231 234
235 236 237
236 235 238
239 240 241
240 239 242
243 244 245
244 243 246
247 248 249
248 247 250
251 252 253
252 251 254
255 256 257
256 255 258
259 260 261
260 259 262
263 264 265
264 263 266
267 268 269
268 267 270
271 272 273
272 271 274
275 276 277
276 275 278
279 280 281
280 279 282
283 284 285
284 283 286
287 288 289
288 287 290
291 292 293
292 291 294
295 296 297
296 295 298
299 300 301
300 299 302
303 304 305
304 303 306
307 308 309
308 307 310
311 312 313
312 311 314
315 316 317
316 315 318
319 320 321
320 319 322
323 324 325
324 323 326
327 328 329
328 327 330
331 332 333
332 331 334
335 336 337
336 335 338
339 338 335
338 339 340
339 341 340
339 342 341
341 342 343
344 345 346
345 344 347
348 349 350
349 348 351
352 351 348
351 352 353
354 350 349
354 355 350
354 356 355
357 358 359
358 357 360
361 362 363
362 361 364
365 366 367
366 365 368
369 370 371
370 369 372
373 372 369
372 373 374
373 375 374
375 373 376
376 377 375
377 376 378
379 380 381
380 379 382
383 384 385
384 383 386
387 388 389
388 387 390
391 392 393
392 391 394
395 396 397
396 395 398
399 400 401
400 399 402
403 404 405
404 403 406
407 408 409
408 407 410
411 412 413
411 414 412
414 411 415
415 416 414
416 415 417
413 412 418
413 418 419
420 421 422
421 420 423
422 424 420
424 422 425
426 424 425
426 427 424
428 427 426
429 430 431
430 429 432
433 434 435
434 433 436
437 438 439
438 437 440
441 442 443
442 441 444
445 446 447
446 445 448
447 449 445
449 447 450
451 449 450
449 451 452
453 452 451
452 453 454
455 456 457
456 455 458
459 460 461
460 459 462
463 464 465
464 463 466
467 468 469
468 467 470
471 472 473
472 471 474
475 476 477
476 475 478
479 480 481
480 479 482
483 484 485
484 483 486
487 488 489
488 487 490
490 491 488
491 490 492
493 494 495
494 493 496
497 498 499
498 497 500
501 499 498
499 501 502
503 504 505
504 503 506
507 508 509
508 507 510
511 512 513
512 511 514
515 516 517
516 515 518
519 520 521
520 519 522
523 524 525
524 523 526
527 528 529
528 527 530
531 532 533
532 531 534
535 536 537
536 535 538
539 540 541
540 539 542
543 544 545
544 543 546
547 548 549
548 547 550
551 552 553
552 551 554
555 556 557
556 555 558
559 560 561
560 559 562
563 564 565
564 563 566
567 568 569
568 567 570
571 572 573
572 571 574
575 576 577
576 575 578
579 580 581
580 579 582
583 584 585
584 583 586
587 588 589
588 587 590
591 592 593
592 591 594
595 596 597
596 595 598
599 600 601
600 599 602
603 604 605
604 603 606
607 608 609
608 607 610
611 612 613
612 611 614
615 616 617
616 615 618
619 620 621
620 619 622
623 624 625
624 623 626
627 628 629
628 627 630
631 632 633
632 631 634
635 636 637
636 635 638
639 640 641
640 639 642
643 644 645
644 643 646
647 648 649
648 647 650
651 652 653
652 651 654
655 656 657
656 655 658
659 660 661
660 659 662
663 664 665
664 663 666
667 668 669
668 667 670
671 672 673
672 671 674
675 676 677
676 675 678
679 680 681
680 679 682
681 683 679
683 681 684
685 686 687
686 685 688
689 688 685
688 689 690
691 692 693
692 691 694
694 695 692
695 694 696
697 698 699
698 697 700
701 702 703
702 701 704
705 701 703
701 705 706
707 708 709
708 707 710
711 712 713
712 711 714
715 716 717
716 715 718
719 720 721
720 719 722
723 724 725
724 723 726
727 728 729
728 727 730
731 732 733
732 731 734
735 736 737
736 735 738
739 740 741
740 739 742
743 744 745
744 743 746
747 748 749
748 747 750
751 752 753
752 751 754
755 756 757
756 755 758
759 760 761
760 759 762
763 764 765
764 763 766
767 768 769
768 767 770
771 772 773
772 771 774
775 776 777
776 775 778
779 780 781
780 779 782
783 784 785
784 783 786
787 788 789
788 787 790
791 792 793
792 791 794
795 796 797
796 795 798
799 800 801
800 799 802
803 804 805
804 803 806
807 808 809
808 807 810
811 812 813
812 811 814
815 816 817
816 815 818
819 820 821
820 819 822
823 824 825
824 823 826
827 828 829
828 827 830
831 832 833
832 831 834
835 836 837
836 835 838
839 840 841
840 839 842
843 844 845
844 843 846
847 848 849
848 847 850
851 852 853
852 851 854
855 856 857
856 855 858
859 860 861
860 859 862
863 864 865
864 863 866
867 868 869
868 867 870
871 870 867
870 871 872
873 874 875
874 873 876
875 877 873
877 875 878
879 880 881
880 879 882
883 881 880
881 883 884
885 886 887
886 885 888
889 890 891
890 889 892
889 893 892
893 889 894
895 896 897
896 895 898
899 900 901
900 899 902
903 904 905
904 903 906
907 908 909
908 907 910
911 912 913
912 911 914
915 916 917
916 915 918
919 920 921
920 919 922
923 924 925
926 927 928
927 926 929
930 931 932
931 930 933
934 935 936
935 934 937
938 939 940
940 939 941
942 943 944
943 942 945
946 947 948
947 946 949
950 951 952
951 950 953
954 955 956
955 954 957
958 959 960
961 962 963
962 961 964
965 966 967
966 965 968
969 970 971
970 969 972
973 974 975
973 975 976
977 978 979
978 977 980
981 982 983
982 981 984
985 986 987
986 985 988
989 990 991
990 989 992
993 994 995
994 993 996
997 998 999
998 997 1000
1001 1002 1003
1002 1001 1004
1005 1006 1007
1006 1005 1008
1009 1010 1011
1010 1009 1012
1013 1014 1015
1014 1013 1016
1017 1018 1019
1018 1017 1020
1021 1022 1023
1022 1021 1024
1025 1026 1027
1026 1025 1028
1029 1030 1031
1030 1029 1032
1033 1034 1035
1034 1033 1036
1037 1038 1039
1038 1037 1040
1041 1042 1043
1044 1045 1046
1047 1048 1049
1050 1047 1051
1047 1050 1052
1051 1053 1050
1053 1051 1054
1054 1055 1053
1055 1054 1056
1057 1055 1056
1055 1057 1058
1057 1059 1058
1059 1060 1058
1059 1061 1060
1059 1057 1062
1062 1057 1063
1062 1063 1064
1056 1065 1066
1052 1067 1068
1055 1069 1070
1052 1071 1067
1072 1073 1074
1075 1076 1077
1078 1079 1080
1081 1082 1083
1082 1081 1084
1085 1082 1084
1082 1085 1086
1087 1088 1089
1090 1091 1092
1093 1094 1095
1096 1097 1098
