byte offset: 0
first index: 4878
index count: 1344
topology: trianglelist
format: DXGI_FORMAT_R16_UINT

2390 2391 2392
2391 2390 2393
2394 2393 2390
2393 2394 2395
2394 2396 2395
2396 2394 2397
2398 2399 2400
2399 2398 2401
2401 2402 2399
2402 2401 2403
2404 2405 2406
2405 2404 2407
2408 2409 2410
2409 2408 2411
2412 2413 2414
2413 2412 2415
2416 2417 2418
2417 2416 2419
2420 2421 2422
2421 2420 2423
2424 2425 2426
2425 2424 2427
2428 2429 2430
2429 2428 2431
2432 2433 2434
2434 2435 2432
2436 2437 2438
2438 2439 2436
2440 2441 2442
2442 2443 2440
2444 2445 2446
2446 2447 2444
2448 2449 2450
2450 2451 2448
2452 2453 2454
2453 2452 2455
2456 2457 2458
2457 2456 2459
2460 2461 2462
2461 2460 2463
2464 2465 2466
2465 2464 2467
2468 2469 2470
2469 2468 2471
2472 2473 2474
2473 2472 2475
2476 2477 2478
2476 2478 2479
2479 2478 2480
2478 2481 2480
2482 2481 2478
2482 2478 2483
2484 2485 2486
2486 2487 2484
2488 2485 2484
2484 2489 2488
2490 2491 2492
2491 2490 2493
2494 2493 2490
2493 2494 2495
2494 2496 2495
2496 2494 2497
2498 2499 2500
2499 2498 2501
2501 2502 2499
2502 2501 2503
2504 2505 2506
2505 2504 2507
2508 2509 2510
2509 2508 2511
2512 2513 2514
2513 2512 2515
2516 2517 2518
2517 2516 2519
2520 2521 2522
2521 2520 2523
2524 2525 2526
2525 2524 2527
2528 2529 2530
2529 2528 2531
2532 2533 2534
2534 2535 2532
2536 2537 2538
2538 2539 2536
2540 2541 2542
2542 2543 2540
2544 2545 2546
2546 2547 2544
2548 2549 2550
2550 2551 2548
2552 2553 2554
2553 2552 2555
2556 2557 2558
2557 2556 2559
2560 2561 2562
2561 2560 2563
2564 2565 2566
2565 2564 2567
2568 2569 2570
2569 2568 2571
2572 2573 2574
2573 2572 2575
2576 2577 2578
2576 2578 2579
2579 2578 2580
2578 2581 2580
2582 2581 2578
2582 2578 2583
2584 2585 2586
2586 2587 2584
2588 2585 2584
2584 2589 2588
2590 2591 2592
2591 2590 2593
2594 2593 2590
2593 2594 2595
2594 2596 2595
2596 2594 2597
2598 2599 2600
2599 2598 2601
2601 2602 2599
2602 2601 2603
2604 2605 2606
2605 2604 2607
2608 2609 2610
2609 2608 2611
2612 2613 2614
2613 2612 2615
2616 2617 2618
2617 2616 2619
2620 2621 2622
2621 2620 2623
2624 2625 2626
2625 2624 2627
2628 2629 2630
2629 2628 2631
2632 2633 2634
2634 2635 2632
2636 2637 2638
2638 2639 2636
2640 2641 2642
2642 2643 2640
2644 2645 2646
2646 2647 2644
2648 2649 2650
2650 2651 2648
2652 2653 2654
2653 2652 2655
2656 2657 2658
2657 2656 2659
2660 2661 2662
2661 2660 2663
2664 2665 2666
2665 2664 2667
2668 2669 2670
2669 2668 2671
2672 2673 2674
2673 2672 2675
2676 2677 2678
2676 2678 2679
2679 2678 2680
2678 2681 2680
2682 2681 2678
2682 2678 2683
2684 2685 2686
2686 2687 2684
2688 2685 2684
2684 2689 2688
2690 2691 2692
2691 2690 2693
2694 2693 2690
2693 2694 2695
2694 2696 2695
2696 2694 2697
2698 2699 2700
2699 2698 2701
2701 2702 2699
2702 2701 2703
2704 2705 2706
2705 2704 2707
2708 2709 2710
2709 2708 2711
2712 2713 2714
2713 2712 2715
2716 2717 2718
2717 2716 2719
2720 2721 2722
2721 2720 2723
2724 2725 2726
2725 2724 2727
2728 2729 2730
2729 2728 2731
2732 2733 2734
2734 2735 2732
2736 2737 2738
2738 2739 2736
2740 2741 2742
2742 2743 2740
2744 2745 2746
2746 2747 2744
2748 2749 2750
2750 2751 2748
2752 2753 2754
2753 2752 2755
2756 2757 2758
2757 2756 2759
2760 2761 2762
2761 2760 2763
2764 2765 2766
2765 2764 2767
2768 2769 2770
2769 2768 2771
2772 2773 2774
2773 2772 2775
2776 2777 2778
2776 2778 2779
2779 2778 2780
2778 2781 2780
2782 2781 2778
2782 2778 2783
2784 2785 2786
2786 2787 2784
2788 2785 2784
2784 2789 2788
2790 2791 2792
2791 2790 2793
2794 2793 2790
2793 2794 2795
2794 2796 2795
2796 2794 2797
2798 2799 2800
2799 2798 2801
2801 2802 2799
2802 2801 2803
2804 2805 2806
2805 2804 2807
2808 2809 2810
2809 2808 2811
2812 2813 2814
2813 2812 2815
2816 2817 2818
2817 2816 2819
2820 2821 2822
2821 2820 2823
2824 2825 2826
2825 2824 2827
2828 2829 2830
2829 2828 2831
2832 2833 2834
2834 2835 2832
2836 2837 2838
2838 2839 2836
2840 2841 2842
2842 2843 2840
2844 2845 2846
2846 2847 2844
2848 2849 2850
2850 2851 2848
2852 2853 2854
2853 2852 2855
2856 2857 2858
2857 2856 2859
2860 2861 2862
2861 2860 2863
2864 2865 2866
2865 2864 2867
2868 2869 2870
2869 2868 2871
2872 2873 2874
2873 2872 2875
2876 2877 2878
2876 2878 2879
2879 2878 2880
2878 2881 2880
2882 2881 2878
2882 2878 2883
2884 2885 2886
2886 2887 2884
2888 2885 2884
2884 2889 2888
2890 2891 2892
2891 2890 2893
2894 2893 2890
2893 2894 2895
2894 2896 2895
2896 2894 2897
2898 2899 2900
2899 2898 2901
2901 2902 2899
2902 2901 2903
2904 2905 2906
2905 2904 2907
2908 2909 2910
2909 2908 2911
2912 2913 2914
2913 2912 2915
2916 2917 2918
2917 2916 2919
2920 2921 2922
2921 2920 2923
2924 2925 2926
2925 2924 2927
2928 2929 2930
2929 2928 2931
2932 2933 2934
2934 2935 2932
2936 2937 2938
2938 2939 2936
2940 2941 2942
2942 2943 2940
2944 2945 2946
2946 2947 2944
2948 2949 2950
2950 2951 2948
2952 2953 2954
2953 2952 2955
2956 2957 2958
2957 2956 2959
2960 2961 2962
2961 2960 2963
2964 2965 2966
2965 2964 2967
2968 2969 2970
2969 2968 2971
2972 2973 2974
2973 2972 2975
2976 2977 2978
2976 2978 2979
2979 2978 2980
2978 2981 2980
2982 2981 2978
2982 2978 2983
2984 2985 2986
2986 2987 2984
2988 2985 2984
2984 2989 2988
2990 2991 2992
2991 2990 2993
2994 2993 2990
2993 2994 2995
2994 2996 2995
2996 2994 2997
2998 2999 3000
2999 2998 3001
3001 3002 2999
3002 3001 3003
3004 3005 3006
3005 3004 3007
3008 3009 3010
3009 3008 3011
3012 3013 3014
3013 3012 3015
3016 3017 3018
3017 3016 3019
3020 3021 3022
3021 3020 3023
3024 3025 3026
3025 3024 3027
3028 3029 3030
3029 3028 3031
3032 3033 3034
3034 3035 3032
3036 3037 3038
3038 3039 3036
3040 3041 3042
3042 3043 3040
3044 3045 3046
3046 3047 3044
3048 3049 3050
3050 3051 3048
3052 3053 3054
3053 3052 3055
3056 3057 3058
3057 3056 3059
3060 3061 3062
3061 3060 3063
3064 3065 3066
3065 3064 3067
3068 3069 3070
3069 3068 3071
3072 3073 3074
3073 3072 3075
3076 3077 3078
3076 3078 3079
3079 3078 3080
3078 3081 3080
3082 3081 3078
3082 3078 3083
3084 3085 3086
3086 3087 3084
3088 3085 3084
3084 3089 3088
3090 3091 3092
3091 3090 3093
3094 3093 3090
3093 3094 3095
3094 3096 3095
3096 3094 3097
3098 3099 3100
3099 3098 3101
3101 3102 3099
3102 3101 3103
3104 3105 3106
3105 3104 3107
3108 3109 3110
3109 3108 3111
3112 3113 3114
3113 3112 3115
3116 3117 3118
3117 3116 3119
3120 3121 3122
3121 3120 3123
3124 3125 3126
3125 3124 3127
3128 3129 3130
3129 3128 3131
3132 3133 3134
3134 3135 3132
3136 3137 3138
3138 3139 3136
3140 3141 3142
3142 3143 3140
3144 3145 3146
3146 3147 3144
3148 3149 3150
3150 3151 3148
3152 3153 3154
3153 3152 3155
3156 3157 3158
3157 3156 3159
3160 3161 3162
3161 3160 3163
3164 3165 3166
3165 3164 3167
3168 3169 3170
3169 3168 3171
3172 3173 3174
3173 3172 3175
3176 3177 3178
3176 3178 3179
3179 3178 3180
3178 3181 3180
3182 3181 3178
3182 3178 3183
3184 3185 3186
3186 3187 3184
3188 3185 3184
3184 3189 3188
