byte offset: 0
first index: 6222
index count: 4416
topology: trianglelist
format: DXGI_FORMAT_R16_UINT

3190 3191 3192
3191 3190 3193
3194 3195 3196
3195 3194 3197
3198 3199 3200
3199 3198 3201
3202 3203 3204
3203 3202 3205
3206 3207 3208
3207 3206 3209
3210 3211 3212
3211 3210 3213
3214 3215 3216
3215 3214 3217
3218 3219 3220
3219 3218 3221
3222 3223 3224
3223 3222 3225
3226 3227 3228
3227 3226 3229
3230 3231 3232
3231 3230 3233
3234 3235 3236
3235 3234 3237
3238 3239 3240
3239 3238 3241
3242 3243 3244
3243 3242 3245
3246 3247 3248
3247 3246 3249
3250 3251 3252
3251 3250 3253
3254 3255 3256
3255 3254 3257
3258 3259 3260
3259 3258 3261
3262 3263 3264
3263 3262 3265
3266 3267 3268
3267 3266 3269
3270 3271 3272
3271 3270 3273
3274 3275 3276
3275 3274 3277
3278 3279 3280
3279 3278 3281
3282 3283 3284
3283 3282 3285
3286 3287 3288
3287 3286 3289
3290 3291 3292
3291 3290 3293
3294 3295 3296
3295 3294 3297
3298 3299 3300
3299 3298 3301
3302 3303 3304
3303 3302 3305
3306 3307 3308
3307 3306 3309
3310 3311 3312
3311 3310 3313
3314 3315 3316
3315 3314 3317
3318 3319 3320
3319 3318 3321
3322 3323 3324
3323 3322 3325
3326 3327 3328
3327 3326 3329
3330 3331 3332
3331 3330 3333
3334 3335 3336
3335 3334 3337
3338 3339 3340
3339 3338 3341
3342 3343 3344
3343 3342 3345
3346 3347 3348
3347 3346 3349
3350 3351 3352
3351 3350 3353
3354 3355 3356
3355 3354 3357
3358 3359 3360
3359 3358 3361
3362 3363 3364
3363 3362 3365
3366 3367 3368
3367 3366 3369
3370 3371 3372
3371 3370 3373
3374 3375 3376
3375 3374 3377
3378 3379 3380
3379 3378 3381
3382 3383 3384
3383 3382 3385
3386 3387 3388
3387 3386 3389
3390 3391 3392
3391 3390 3393
3394 3395 3396
3395 3394 3397
3398 3399 3400
3399 3398 3401
3402 3403 3404
3403 3402 3405
3406 3407 3408
3407 3406 3409
3410 3411 3412
3411 3410 3413
3414 3415 3416
3415 3414 3417
3418 3419 3420
3419 3418 3421
3422 3423 3424
3423 3422 3425
3426 3427 3428
3427 3426 3429
3430 3431 3432
3431 3430 3433
3434 3435 3436
3435 3434 3437
3438 3439 3440
3439 3438 3441
3442 3443 3444
3443 3442 3445
3446 3447 3448
3447 3446 3449
3450 3451 3452
3451 3450 3453
3454 3455 3456
3455 3454 3457
3458 3459 3460
3459 3458 3461
3462 3463 3464
3463 3462 3465
3466 3467 3468
3467 3466 3469
3470 3471 3472
3471 3470 3473
3474 3475 3476
3475 3474 3477
3478 3479 3480
3479 3478 3481
3482 3483 3484
3483 3482 3485
3486 3487 3488
3487 3486 3489
3490 3491 3492
3491 3490 3493
3494 3495 3496
3495 3494 3497
3498 3499 3500
3499 3498 3501
3502 3503 3504
3503 3502 3505
3506 3507 3508
3507 3506 3509
3510 3511 3512
3511 3510 3513
3514 3515 3516
3515 3514 3517
3518 3519 3520
3519 3518 3521
3522 3523 3524
3523 3522 3525
3526 3527 3528
3527 3526 3529
3530 3531 3532
3531 3530 3533
3534 3535 3536
3535 3534 3537
3538 3539 3540
3539 3538 3541
3542 3543 3544
3543 3542 3545
3546 3547 3548
3547 3546 3549
3550 3551 3552
3551 3550 3553
3554 3555 3556
3555 3554 3557
3558 3559 3560
3559 3558 3561
3562 3563 3564
3563 3562 3565
3566 3567 3568
3567 3566 3569
3570 3571 3572
3571 3570 3573
3574 3575 3576
3575 3574 3577
3578 3579 3580
3579 3578 3581
3582 3583 3584
3583 3582 3585
3586 3587 3588
3587 3586 3589
3590 3591 3592
3591 3590 3593
3594 3595 3596
3595 3594 3597
3598 3599 3600
3599 3598 3601
3602 3603 3604
3603 3602 3605
3606 3607 3608
3607 3606 3609
3610 3611 3612
3611 3610 3613
3614 3615 3616
3615 3614 3617
3618 3619 3620
3619 3618 3621
3622 3623 3624
3623 3622 3625
3626 3627 3628
3627 3626 3629
3630 3631 3632
3631 3630 3633
3634 3635 3636
3635 3634 3637
3638 3639 3640
3639 3638 3641
3642 3643 3644
3643 3642 3645
3646 3647 3648
3647 3646 3649
3650 3651 3652
3651 3650 3653
3654 3655 3656
3655 3654 3657
3658 3659 3660
3659 3658 3661
3662 3663 3664
3663 3662 3665
3666 3667 3668
3667 3666 3669
3670 3671 3672
3671 3670 3673
3674 3675 3676
3675 3674 3677
3678 3679 3680
3679 3678 3681
3682 3683 3684
3683 3682 3685
3686 3687 3688
3687 3686 3689
3690 3691 3692
3691 3690 3693
3694 3695 3696
3695 3694 3697
3698 3699 3700
3699 3698 3701
3702 3703 3704
3703 3702 3705
3706 3707 3708
3707 3706 3709
3710 3711 3712
3711 3710 3713
3714 3715 3716
3715 3714 3717
3718 3719 3720
3719 3718 3721
3722 3723 3724
3723 3722 3725
3726 3727 3728
3727 3726 3729
3730 3731 3732
3731 3730 3733
3734 3735 3736
3735 3734 3737
3738 3739 3740
3739 3738 3741
3742 3743 3744
3743 3742 3745
3746 3747 3748
3747 3746 3749
3750 3751 3752
3751 3750 3753
3754 3755 3756
3755 3754 3757
3758 3759 3760
3759 3758 3761
3762 3763 3764
3763 3762 3765
3766 3767 3768
3767 3766 3769
3770 3771 3772
3771 3770 3773
3774 3775 3776
3775 3774 3777
3778 3779 3780
3779 3778 3781
3782 3783 3784
3783 3782 3785
3786 3787 3788
3787 3786 3789
3790 3791 3792
3791 3790 3793
3794 3795 3796
3795 3794 3797
3798 3799 3800
3799 3798 3801
3802 3803 3804
3803 3802 3805
3806 3807 3808
3807 3806 3809
3810 3811 3812
3811 3810 3813
3814 3815 3816
3815 3814 3817
3818 3819 3820
3819 3818 3821
3822 3823 3824
3823 3822 3825
3826 3827 3828
3827 3826 3829
3830 3831 3832
3831 3830 3833
3834 3835 3836
3835 3834 3837
3838 3839 3840
3839 3838 3841
3842 3843 3844
3843 3842 3845
3846 3847 3848
3847 3846 3849
3850 3851 3852
3851 3850 3853
3854 3855 3856
3855 3854 3857
3858 3859 3860
3859 3858 3861
3862 3863 3864
3863 3862 3865
3866 3867 3868
3867 3866 3869
3870 3871 3872
3871 3873 3872
3873 3871 3874
3875 3876 3877
3876 3875 3878
3879 3880 3881
3880 3879 3882
3883 3884 3885
3884 3883 3886
3887 3888 3889
3890 3889 3888
3889 3890 3891
3892 3893 3894
3893 3892 3895
3896 3897 3898
3897 3896 3899
3900 3901 3902
3901 3903 3902
3903 3901 3904
3905 3906 3907
3906 3905 3908
3909 3910 3911
3910 3909 3912
3913 3914 3915
3914 3913 3916
3917 3918 3919
3920 3919 3918
3919 3920 3921
3922 3923 3924
3923 3922 3925
3926 3927 3928
3927 3926 3929
3930 3931 3932
3933 3932 3931
3932 3933 3934
3935 3936 3937
3936 3935 3938
3939 3940 3941
3940 3939 3942
3943 3944 3945
3944 3943 3946
3947 3948 3949
3948 3950 3949
3950 3948 3951
3952 3953 3954
3953 3952 3955
3956 3957 3958
3957 3956 3959
3960 3961 3962
3961 3960 3963
3964 3965 3966
3965 3964 3967
3968 3969 3970
3969 3968 3971
3972 3973 3974
3973 3972 3975
3976 3977 3978
3977 3976 3979
3980 3981 3982
3981 3980 3983
3984 3985 3986
3985 3984 3987
3988 3989 3990
3989 3988 3991
3992 3993 3994
3993 3992 3995
3996 3997 3998
3997 3996 3999
4000 4001 4002
4001 4000 4003
4004 4005 4006
4005 4004 4007
4008 4009 4010
4009 4008 4011
4012 4013 4014
4013 4012 4015
4016 4017 4018
4017 4016 4019
4020 4021 4022
4021 4020 4023
4024 4025 4026
4025 4024 4027
4028 4029 4030
4029 4028 4031
4032 4033 4034
4033 4032 4035
4036 4037 4038
4037 4036 4039
4040 4041 4042
4041 4040 4043
4044 4045 4046
4045 4044 4047
4048 4049 4050
4049 4048 4051
4052 4053 4054
4053 4052 4055
4052 4056 4055
4056 4052 4057
4058 4059 4060
4061 4060 4059
4060 4061 4062
4063 4064 4065
4064 4063 4066
4067 4068 4069
4068 4067 4070
4071 4068 4070
4068 4071 4072
4073 4074 4075
4074 4073 4076
4077 4078 4079
4078 4080 4079
4080 4078 4081
4082 4083 4084
4083 4082 4085
4086 4087 4088
4087 4086 4089
4090 4091 4092
4091 4090 4093
4094 4095 4096
4095 4094 4097
4098 4099 4100
4099 4098 4101
4102 4103 4104
4103 4105 4104
4105 4103 4106
4107 4108 4109
4108 4107 4110
4111 4112 4113
4112 4111 4114
4115 4116 4117
4116 4115 4118
4119 4120 4121
4122 4121 4120
4121 4122 4123
4124 4125 4126
4125 4124 4127
4128 4129 4130
4129 4128 4131
4132 4133 4134
4133 4135 4134
4135 4133 4136
4137 4138 4139
4138 4137 4140
4141 4142 4143
4142 4141 4144
4145 4146 4147
4146 4145 4148
4149 4150 4151
4152 4151 4150
4151 4152 4153
4154 4155 4156
4155 4154 4157
4158 4159 4160
4159 4158 4161
4162 4163 4164
4165 4164 4163
4164 4165 4166
4167 4168 4169
4168 4167 4170
4171 4172 4173
4172 4171 4174
4175 4176 4177
4176 4175 4178
4179 4180 4181
4180 4182 4181
4182 4180 4183
4184 4185 4186
4185 4184 4187
4188 4189 4190
4189 4188 4191
4192 4193 4194
4193 4192 4195
4196 4197 4198
4197 4196 4199
4200 4201 4202
4201 4200 4203
4204 4205 4206
4205 4204 4207
4208 4209 4210
4209 4208 4211
4212 4213 4214
4213 4212 4215
4216 4217 4218
4217 4216 4219
4220 4221 4222
4221 4220 4223
4224 4225 4226
4225 4224 4227
4228 4229 4230
4229 4228 4231
4232 4233 4234
4233 4232 4235
4236 4237 4238
4237 4236 4239
4240 4241 4242
4241 4240 4243
4244 4245 4246
4245 4244 4247
4248 4249 4250
4249 4248 4251
4252 4253 4254
4253 4252 4255
4256 4257 4258
4257 4256 4259
4260 4261 4262
4261 4260 4263
4264 4265 4266
4265 4264 4267
4268 4269 4270
4269 4268 4271
4272 4273 4274
4273 4272 4275
4276 4277 4278
4277 4276 4279
4280 4281 4282
4281 4280 4283
4284 4285 4286
4285 4284 4287
4284 4288 4287
4288 4284 4289
4290 4291 4292
4293 4292 4291
4292 4293 4294
4295 4296 4297
4296 4295 4298
4299 4300 4301
4300 4299 4302
4303 4300 4302
4300 4303 4304
4305 4306 4307
4306 4305 4308
4309 4310 4311
4310 4312 4311
4312 4310 4313
4314 4315 4316
4315 4314 4317
4318 4319 4320
4319 4318 4321
4322 4323 4324
4323 4322 4325
4326 4327 4328
4327 4326 4329
4330 4331 4332
4331 4330 4333
4334 4335 4336
4335 4337 4336
4337 4335 4338
4339 4340 4341
4340 4339 4342
4343 4344 4345
4344 4343 4346
4347 4348 4349
4348 4347 4350
4351 4352 4353
4354 4353 4352
4353 4354 4355
4356 4357 4358
4357 4356 4359
4360 4361 4362
4361 4360 4363
4364 4365 4366
4365 4367 4366
4367 4365 4368
4369 4370 4371
4370 4369 4372
4373 4374 4375
4374 4373 4376
4377 4378 4379
4378 4377 4380
4381 4382 4383
4384 4383 4382
4383 4384 4385
4386 4387 4388
4387 4386 4389
4390 4391 4392
4391 4390 4393
4394 4395 4396
4397 4396 4395
4396 4397 4398
4399 4400 4401
4400 4399 4402
4403 4404 4405
4404 4403 4406
4407 4408 4409
4408 4407 4410
4411 4412 4413
4412 4414 4413
4414 4412 4415
4416 4417 4418
4417 4416 4419
4420 4421 4422
4421 4420 4423
4424 4425 4426
4425 4424 4427
4428 4429 4430
4429 4428 4431
4432 4433 4434
4433 4432 4435
4436 4437 4438
4437 4436 4439
4440 4441 4442
4441 4440 4443
4444 4445 4446
4445 4444 4447
4448 4449 4450
4449 4448 4451
4452 4453 4454
4453 4452 4455
4456 4457 4458
4457 4456 4459
4460 4461 4462
4461 4460 4463
4464 4465 4466
4465 4464 4467
4468 4469 4470
4469 4468 4471
4472 4473 4474
4473 4472 4475
4476 4477 4478
4477 4476 4479
4480 4481 4482
4481 4480 4483
4484 4485 4486
4485 4484 4487
4488 4489 4490
4489 4488 4491
4492 4493 4494
4493 4492 4495
4496 4497 4498
4497 4496 4499
4500 4501 4502
4501 4500 4503
4504 4505 4506
4505 4504 4507
4508 4509 4510
4509 4508 4511
4512 4513 4514
4513 4512 4515
4516 4517 4518
4517 4516 4519
4516 4520 4519
4520 4516 4521
4522 4523 4524
4525 4524 4523
4524 4525 4526
4527 4528 4529
4528 4527 4530
4531 4532 4533
4532 4531 4534
4535 4532 4534
4532 4535 4536
4537 4538 4539
4538 4537 4540
4541 4542 4543
4542 4544 4543
4544 4542 4545
4546 4547 4548
4547 4546 4549
4550 4551 4552
4551 4550 4553
4554 4555 4556
4555 4554 4557
4558 4559 4560
4559 4558 4561
4562 4563 4564
4563 4562 4565
4566 4567 4568
4567 4569 4568
4569 4567 4570
4571 4572 4573
4572 4571 4574
4575 4576 4577
4576 4575 4578
4579 4580 4581
4580 4579 4582
4583 4584 4585
4586 4585 4584
4585 4586 4587
4588 4589 4590
4589 4588 4591
4592 4593 4594
4593 4592 4595
4596 4597 4598
4597 4599 4598
4599 4597 4600
4601 4602 4603
4602 4601 4604
4605 4606 4607
4606 4605 4608
4609 4610 4611
4610 4609 4612
4613 4614 4615
4616 4615 4614
4615 4616 4617
4618 4619 4620
4619 4618 4621
4622 4623 4624
4623 4622 4625
4626 4627 4628
4629 4628 4627
4628 4629 4630
4631 4632 4633
4632 4631 4634
4635 4636 4637
4636 4635 4638
4639 4640 4641
4640 4639 4642
4643 4644 4645
4644 4646 4645
4646 4644 4647
4648 4649 4650
4649 4648 4651
4652 4653 4654
4653 4652 4655
4656 4657 4658
4657 4656 4659
4660 4661 4662
4661 4660 4663
4664 4665 4666
4665 4664 4667
4668 4669 4670
4669 4668 4671
4672 4673 4674
4673 4672 4675
4676 4677 4678
4677 4676 4679
4680 4681 4682
4681 4680 4683
4684 4685 4686
4685 4684 4687
4688 4689 4690
4689 4688 4691
4692 4693 4694
4693 4692 4695
4696 4697 4698
4697 4696 4699
4700 4701 4702
4701 4700 4703
4704 4705 4706
4705 4704 4707
4708 4709 4710
4709 4708 4711
4712 4713 4714
4713 4712 4715
4716 4717 4718
4717 4716 4719
4720 4721 4722
4721 4720 4723
4724 4725 4726
4725 4724 4727
4728 4729 4730
4729 4728 4731
4732 4733 4734
4733 4732 4735
4736 4737 4738
4737 4736 4739
4740 4741 4742
4741 4740 4743
4744 4745 4746
4745 4744 4747
4748 4749 4750
4749 4748 4751
4748 4752 4751
4752 4748 4753
4754 4755 4756
4757 4756 4755
4756 4757 4758
4759 4760 4761
4760 4759 4762
4763 4764 4765
4764 4763 4766
4767 4764 4766
4764 4767 4768
4769 4770 4771
4770 4769 4772
4773 4774 4775
4774 4776 4775
4776 4774 4777
4778 4779 4780
4779 4778 4781
4782 4783 4784
4783 4782 4785
4786 4787 4788
4787 4786 4789
4790 4791 4792
4792 4791 4793
4792 4793 4794
4794 4793 4795
4793 4791 4796
4790 4792 4797
4790 4797 4798
4797 4799 4798
4798 4799 4800
4790 4798 4801
4801 4802 4790
4802 4801 4803
4803 4801 4804
4804 4801 4805
4802 4803 4806
4802 4806 4807
4807 4806 4808
4809 4810 4811
4809 4811 4812
4811 4813 4812
4809 4812 4814
4812 4815 4814
4811 4810 4816
4816 4810 4817
4817 4818 4816
4819 4818 4817
4817 4810 4820
4821 4820 4810
4820 4821 4822
4822 4823 4820
4820 4823 4824
4822 4821 4825
4821 4826 4825
4825 4826 4827
4828 4829 4830
4830 4829 4831
4828 4830 4832
4832 4833 4828
4833 4832 4834
4834 4832 4835
4835 4832 4836
4833 4834 4837
4833 4837 4838
4838 4837 4839
4840 4841 4842
4841 4840 4843
4843 4844 4841
4841 4844 4845
4842 4841 4846
4842 4846 4847
4848 4847 4846
4843 4840 4849
4840 4850 4849
4849 4850 4851
4852 4853 4854
4853 4855 4854
4853 4856 4855
4856 4857 4855
4855 4858 4854
4852 4859 4853
4852 4860 4859
4859 4860 4861
4860 4862 4861
4852 4863 4860
4864 4863 4852
4863 4864 4865
4865 4866 4863
4866 4867 4863
4864 4868 4865
4864 4869 4868
4869 4870 4868
4871 4872 4873
4871 4874 4872
4872 4874 4875
4871 4876 4874
4874 4876 4877
4872 4878 4873
4878 4879 4873
4879 4878 4880
4881 4879 4880
4879 4882 4873
4882 4883 4873
4883 4882 4884
4884 4882 4885
4882 4886 4885
4884 4887 4883
4883 4887 4888
4887 4889 4888
4890 4891 4892
4891 4893 4892
4890 4894 4891
4895 4894 4890
4894 4895 4896
4896 4897 4894
4897 4898 4894
4895 4899 4896
4895 4900 4899
4900 4901 4899
4902 4903 4904
4903 4902 4905
4904 4903 4906
4903 4907 4906
4905 4908 4903
4905 4909 4908
4910 4908 4909
4904 4911 4902
4902 4911 4912
4911 4913 4912
4914 4915 4916
4915 4917 4916
4915 4918 4917
4918 4919 4917
4917 4920 4916
4914 4921 4915
4914 4922 4921
4921 4922 4923
4922 4924 4923
4914 4925 4922
4926 4925 4914
4925 4926 4927
4927 4928 4925
4928 4929 4925
4926 4930 4927
4926 4931 4930
4931 4932 4930
4933 4934 4935
4933 4936 4934
4934 4936 4937
4933 4938 4936
4936 4938 4939
4934 4940 4935
4940 4941 4935
4941 4940 4942
4943 4941 4942
4941 4944 4935
4944 4945 4935
4945 4944 4946
4946 4944 4947
4944 4948 4947
4946 4949 4945
4945 4949 4950
4949 4951 4950
4952 4953 4954
4953 4955 4954
4952 4956 4953
4957 4956 4952
4956 4957 4958
4958 4959 4956
4959 4960 4956
4957 4961 4958
4957 4962 4961
4962 4963 4961
4964 4965 4966
4965 4964 4967
4966 4965 4968
4965 4969 4968
4967 4970 4965
4967 4971 4970
4972 4970 4971
4966 4973 4964
4964 4973 4974
4973 4975 4974
4976 4977 4978
4978 4977 4979
4978 4979 4980
4980 4979 4981
4979 4977 4982
4976 4978 4983
4976 4983 4984
4983 4985 4984
4984 4985 4986
4976 4984 4987
4987 4988 4976
4988 4987 4989
4989 4987 4990
4990 4987 4991
4988 4989 4992
4988 4992 4993
4993 4992 4994
4995 4996 4997
4995 4997 4998
4997 4999 4998
4995 4998 5000
4998 5001 5000
4997 4996 5002
5002 4996 5003
5003 5004 5002
5005 5004 5003
5003 4996 5006
5007 5006 4996
5006 5007 5008
5008 5009 5006
5006 5009 5010
5008 5007 5011
5007 5012 5011
5011 5012 5013
5014 5015 5016
5016 5015 5017
5014 5016 5018
5018 5019 5014
5019 5018 5020
5020 5018 5021
5021 5018 5022
5019 5020 5023
5019 5023 5024
5024 5023 5025
5026 5027 5028
5027 5026 5029
5029 5030 5027
5027 5030 5031
5028 5027 5032
5028 5032 5033
5034 5033 5032
5029 5026 5035
5026 5036 5035
5035 5036 5037
5038 5039 5040
5040 5039 5041
5040 5041 5042
5042 5041 5043
5041 5039 5044
5038 5040 5045
5038 5045 5046
5045 5047 5046
5046 5047 5048
5038 5046 5049
5049 5050 5038
5050 5049 5051
5051 5049 5052
5052 5049 5053
5050 5051 5054
5050 5054 5055
5055 5054 5056
5057 5058 5059
5057 5059 5060
5059 5061 5060
5057 5060 5062
5060 5063 5062
5059 5058 5064
5064 5058 5065
5065 5066 5064
5067 5066 5065
5065 5058 5068
5069 5068 5058
5068 5069 5070
5070 5071 5068
5068 5071 5072
5070 5069 5073
5069 5074 5073
5073 5074 5075
5076 5077 5078
5078 5077 5079
5076 5078 5080
5080 5081 5076
5081 5080 5082
5082 5080 5083
5083 5080 5084
5081 5082 5085
5081 5085 5086
5086 5085 5087
5088 5089 5090
5089 5088 5091
5091 5092 5089
5089 5092 5093
5090 5089 5094
5090 5094 5095
5096 5095 5094
5091 5088 5097
5088 5098 5097
5097 5098 5099
5100 5101 5102
5101 5103 5102
5101 5104 5103
5104 5105 5103
5103 5106 5102
5100 5107 5101
5100 5108 5107
5107 5108 5109
5108 5110 5109
5100 5111 5108
5112 5111 5100
5111 5112 5113
5113 5114 5111
5114 5115 5111
5112 5116 5113
5112 5117 5116
5117 5118 5116
5119 5120 5121
5119 5122 5120
5120 5122 5123
5119 5124 5122
5122 5124 5125
5120 5126 5121
5126 5127 5121
5127 5126 5128
5129 5127 5128
5127 5130 5121
5130 5131 5121
5131 5130 5132
5132 5130 5133
5130 5134 5133
5132 5135 5131
5131 5135 5136
5135 5137 5136
5138 5139 5140
5139 5141 5140
5138 5142 5139
5143 5142 5138
5142 5143 5144
5144 5145 5142
5145 5146 5142
5143 5147 5144
5143 5148 5147
5148 5149 5147
5150 5151 5152
5151 5150 5153
5152 5151 5154
5151 5155 5154
5153 5156 5151
5153 5157 5156
5158 5156 5157
5152 5159 5150
5150 5159 5160
5159 5161 5160
5162 5163 5164
5164 5163 5165
5164 5165 5166
5166 5165 5167
5165 5163 5168
5162 5164 5169
5162 5169 5170
5169 5171 5170
5170 5171 5172
5162 5170 5173
5173 5174 5162
5174 5173 5175
5175 5173 5176
5176 5173 5177
5174 5175 5178
5174 5178 5179
5179 5178 5180
5181 5182 5183
5181 5183 5184
5183 5185 5184
5181 5184 5186
5184 5187 5186
5183 5182 5188
5188 5182 5189
5189 5190 5188
5191 5190 5189
5189 5182 5192
5193 5192 5182
5192 5193 5194
5194 5195 5192
5192 5195 5196
5194 5193 5197
5193 5198 5197
5197 5198 5199
5200 5201 5202
5202 5201 5203
5200 5202 5204
5204 5205 5200
5205 5204 5206
5206 5204 5207
5207 5204 5208
5205 5206 5209
5205 5209 5210
5210 5209 5211
5212 5213 5214
5213 5212 5215
5215 5216 5213
5213 5216 5217
5214 5213 5218
5214 5218 5219
5220 5219 5218
5215 5212 5221
5212 5222 5221
5221 5222 5223
5224 5225 5226
5225 5227 5226
5225 5228 5227
5228 5229 5227
5227 5230 5226
5224 5231 5225
5224 5232 5231
5231 5232 5233
5232 5234 5233
5224 5235 5232
5236 5235 5224
5235 5236 5237
5237 5238 5235
5238 5239 5235
5236 5240 5237
5236 5241 5240
5241 5242 5240
5243 5244 5245
5243 5246 5244
5244 5246 5247
5243 5248 5246
5246 5248 5249
5244 5250 5245
5250 5251 5245
5251 5250 5252
5253 5251 5252
5251 5254 5245
5254 5255 5245
5255 5254 5256
5256 5254 5257
5254 5258 5257
5256 5259 5255
5255 5259 5260
5259 5261 5260
5262 5263 5264
5263 5265 5264
5262 5266 5263
5267 5266 5262
5266 5267 5268
5268 5269 5266
5269 5270 5266
5267 5271 5268
5267 5272 5271
5272 5273 5271
5274 5275 5276
5275 5274 5277
5276 5275 5278
5275 5279 5278
5277 5280 5275
5277 5281 5280
5282 5280 5281
5276 5283 5274
5274 5283 5284
5283 5285 5284
5286 5287 5288
5287 5289 5288
5287 5290 5289
5290 5291 5289
5289 5292 5288
5286 5293 5287
5286 5294 5293
5293 5294 5295
5294 5296 5295
5286 5297 5294
5298 5297 5286
5297 5298 5299
5299 5300 5297
5300 5301 5297
5298 5302 5299
5298 5303 5302
5303 5304 5302
5305 5306 5307
5305 5308 5306
5306 5308 5309
5305 5310 5308
5308 5310 5311
5306 5312 5307
5312 5313 5307
5313 5312 5314
5315 5313 5314
5313 5316 5307
5316 5317 5307
5317 5316 5318
5318 5316 5319
5316 5320 5319
5318 5321 5317
5317 5321 5322
5321 5323 5322
5324 5325 5326
5325 5327 5326
5324 5328 5325
5329 5328 5324
5328 5329 5330
5330 5331 5328
5331 5332 5328
5329 5333 5330
5329 5334 5333
5334 5335 5333
5336 5337 5338
5337 5336 5339
5338 5337 5340
5337 5341 5340
5339 5342 5337
5339 5343 5342
5344 5342 5343
5338 5345 5336
5336 5345 5346
5345 5347 5346
5348 5349 5350
5350 5349 5351
5350 5351 5352
5352 5351 5353
5351 5349 5354
5348 5350 5355
5348 5355 5356
5355 5357 5356
5356 5357 5358
5348 5356 5359
5359 5360 5348
5360 5359 5361
5361 5359 5362
5362 5359 5363
5360 5361 5364
5360 5364 5365
5365 5364 5366
5367 5368 5369
5367 5369 5370
5369 5371 5370
5367 5370 5372
5370 5373 5372
5369 5368 5374
5374 5368 5375
5375 5376 5374
5377 5376 5375
5375 5368 5378
5379 5378 5368
5378 5379 5380
5380 5381 5378
5378 5381 5382
5380 5379 5383
5379 5384 5383
5383 5384 5385
5386 5387 5388
5388 5387 5389
5386 5388 5390
5390 5391 5386
5391 5390 5392
5392 5390 5393
5393 5390 5394
5391 5392 5395
5391 5395 5396
5396 5395 5397
5398 5399 5400
5399 5398 5401
5401 5402 5399
5399 5402 5403
5400 5399 5404
5400 5404 5405
5406 5405 5404
5401 5398 5407
5398 5408 5407
5407 5408 5409
5410 5411 5412
5412 5411 5413
5412 5413 5414
5414 5413 5415
5413 5411 5416
5410 5412 5417
5410 5417 5418
5417 5419 5418
5418 5419 5420
5410 5418 5421
5421 5422 5410
5422 5421 5423
5423 5421 5424
5424 5421 5425
5422 5423 5426
5422 5426 5427
5427 5426 5428
5429 5430 5431
5429 5431 5432
5431 5433 5432
5429 5432 5434
5432 5435 5434
5431 5430 5436
5436 5430 5437
5437 5438 5436
5439 5438 5437
5437 5430 5440
5441 5440 5430
5440 5441 5442
5442 5443 5440
5440 5443 5444
5442 5441 5445
5441 5446 5445
5445 5446 5447
5448 5449 5450
5450 5449 5451
5448 5450 5452
5452 5453 5448
5453 5452 5454
5454 5452 5455
5455 5452 5456
5453 5454 5457
5453 5457 5458
5458 5457 5459
5460 5461 5462
5461 5460 5463
5463 5464 5461
5461 5464 5465
5462 5461 5466
5462 5466 5467
5468 5467 5466
5463 5460 5469
5460 5470 5469
5469 5470 5471
5472 5473 5474
5473 5475 5474
5473 5476 5475
5476 5477 5475
5475 5478 5474
5472 5479 5473
5472 5480 5479
5479 5480 5481
5480 5482 5481
5472 5483 5480
5484 5483 5472
5483 5484 5485
5485 5486 5483
5486 5487 5483
5484 5488 5485
5484 5489 5488
5489 5490 5488
5491 5492 5493
5491 5494 5492
5492 5494 5495
5491 5496 5494
5494 5496 5497
5492 5498 5493
5498 5499 5493
5499 5498 5500
5501 5499 5500
5499 5502 5493
5502 5503 5493
5503 5502 5504
5504 5502 5505
5502 5506 5505
5504 5507 5503
5503 5507 5508
5507 5509 5508
5510 5511 5512
5511 5513 5512
5510 5514 5511
5515 5514 5510
5514 5515 5516
5516 5517 5514
5517 5518 5514
5515 5519 5516
5515 5520 5519
5520 5521 5519
5522 5523 5524
5523 5522 5525
5524 5523 5526
5523 5527 5526
5525 5528 5523
5525 5529 5528
5530 5528 5529
5524 5531 5522
5522 5531 5532
5531 5533 5532
