byte offset: 0
first index: 0
index count: 2220
topology: trianglelist
format: DXGI_FORMAT_R16_UINT

0 1 2
0 2 3
3 4 0
2 5 3
5 2 6
5 6 7
8 5 7
9 8 7
8 10 5
11 12 13
11 14 12
13 15 11
16 15 13
15 16 17
18 17 16
18 16 19
20 18 19
16 21 19
22 23 24
23 22 25
22 24 26
24 27 26
26 27 28
28 27 29
24 30 27
31 30 24
30 31 32
32 33 30
30 33 34
31 35 32
31 36 35
35 36 37
37 36 38
31 39 36
40 41 42
40 43 41
40 44 43
44 45 43
44 46 45
45 46 47
45 48 43
48 49 43
49 48 50
48 51 50
52 51 48
50 53 49
53 54 49
53 55 54
54 56 49
54 57 56
58 59 60
61 58 60
62 63 64
62 65 63
66 67 68
67 66 69
70 71 72
71 70 73
74 75 76
75 74 77
78 79 80
79 78 81
82 83 84
83 82 85
86 87 88
87 86 89
90 91 92
91 90 93
94 95 96
95 94 97
98 99 100
99 98 101
102 103 104
103 102 105
106 107 108
107 106 109
110 111 112
111 110 113
114 115 116
115 114 117
118 119 120
119 118 121
122 123 124
123 122 125
126 127 128
127 126 129
130 131 132
131 130 133
134 135 136
135 134 137
138 139 140
139 138 141
142 143 144
143 142 145
146 147 148
147 146 149
150 151 152
150 153 151
153 150 154
155 151 153
151 155 156
155 157 156
158 157 155
159 157 158
158 155 160
161 162 163
161 163 164
162 161 165
165 166 162
166 165 167
168 166 167
168 169 166
170 169 168
166 169 171
172 173 174
174 175 172
172 176 173
173 176 177
176 178 177
178 179 177
173 177 180
180 181 173
181 180 182
182 180 183
180 184 183
181 182 185
181 185 186
185 187 186
187 188 186
181 186 189
190 191 192
190 192 193
190 193 194
194 193 195
194 195 196
195 197 196
195 193 198
199 198 193
198 199 200
198 200 201
202 198 201
200 199 203
203 199 204
203 204 205
204 199 206
204 206 207
208 209 210
211 209 208
212 213 214
212 214 215
216 217 218
218 217 219
220 219 217
219 220 221
221 220 222
220 223 222
223 224 222
221 222 225
226 227 228
226 228 229
226 230 227
230 226 231
230 232 227
232 230 233
233 234 232
235 234 233
236 237 238
238 239 236
236 240 237
237 240 241
240 242 241
242 243 241
237 241 244
244 245 237
245 244 246
246 244 247
244 248 247
245 246 249
245 249 250
249 251 250
251 252 250
245 250 253
254 255 256
254 256 257
254 257 258
258 257 259
258 259 260
259 261 260
259 257 262
263 262 257
262 263 264
262 264 265
266 262 265
264 263 267
267 263 268
267 268 269
268 263 270
268 270 271
272 273 274
272 274 275
275 276 272
274 277 275
277 274 278
277 278 279
280 277 279
281 280 279
280 282 277
283 284 285
283 286 284
285 287 283
288 287 285
287 288 289
290 289 288
290 288 291
292 290 291
288 293 291
294 295 296
295 294 297
294 296 298
296 299 298
298 299 300
300 299 301
296 302 299
303 302 296
302 303 304
304 305 302
302 305 306
303 307 304
303 308 307
307 308 309
309 308 310
303 311 308
312 313 314
312 315 313
312 316 315
316 317 315
316 318 317
317 318 319
317 320 315
320 321 315
321 320 322
320 323 322
324 323 320
322 325 321
325 326 321
325 327 326
326 328 321
326 329 328
330 331 332
333 330 332
334 335 336
334 337 335
338 339 340
339 338 341
342 339 341
339 342 343
344 338 340
338 344 345
344 346 345
346 344 347
348 349 350
349 348 351
352 353 354
353 352 355
356 357 358
357 356 359
360 361 362
361 360 363
364 361 363
361 364 365
366 367 368
367 366 369
370 371 372
371 370 373
374 371 373
371 374 375
376 370 372
370 376 377
376 378 377
378 376 379
380 381 382
381 380 383
384 385 386
385 384 387
388 389 390
389 388 391
392 393 394
393 392 395
395 396 393
396 395 397
398 399 400
399 398 401
402 403 404
403 402 405
406 407 408
407 406 409
410 411 412
411 410 413
414 415 416
415 414 417
418 419 420
419 418 421
422 423 424
423 425 424
425 426 424
426 425 427
427 428 426
426 428 429
429 428 430
427 431 428
432 433 434
432 435 433
432 434 436
436 437 432
438 436 434
436 438 439
439 438 440
441 439 440
442 443 444
443 442 445
442 444 446
444 447 446
446 447 448
448 447 449
444 450 447
451 450 444
450 451 452
452 453 450
450 453 454
451 455 452
451 456 455
455 456 457
457 456 458
451 459 456
460 461 462
460 463 461
460 464 463
464 465 463
464 466 465
465 466 467
465 468 463
468 469 463
469 468 470
468 471 470
472 471 468
470 473 469
473 474 469
473 475 474
474 476 469
474 477 476
478 479 480
479 481 480
481 482 480
482 481 483
483 484 482
482 484 485
485 484 486
483 487 484
488 489 490
488 491 489
488 490 492
492 493 488
494 492 490
492 494 495
495 494 496
497 495 496
498 499 500
499 498 501
498 500 502
500 503 502
502 503 504
504 503 505
500 506 503
507 506 500
506 507 508
508 509 506
506 509 510
507 511 508
507 512 511
511 512 513
513 512 514
507 515 512
516 517 518
516 519 517
516 520 519
520 521 519
520 522 521
521 522 523
521 524 519
524 525 519
525 524 526
524 527 526
528 527 524
526 529 525
529 530 525
529 531 530
530 532 525
530 533 532
534 535 536
534 537 535
537 534 538
539 535 537
535 539 540
539 541 540
542 541 539
543 541 542
542 539 544
545 546 547
545 547 548
546 545 549
549 550 546
550 549 551
552 550 551
552 553 550
554 553 552
550 553 555
556 557 558
558 559 556
556 560 557
557 560 561
560 562 561
562 563 561
557 561 564
564 565 557
565 564 566
566 564 567
564 568 567
565 566 569
565 569 570
569 571 570
571 572 570
565 570 573
574 575 576
574 576 577
574 577 578
578 577 579
578 579 580
579 581 580
579 577 582
583 582 577
582 583 584
582 584 585
586 582 585
584 583 587
587 583 588
587 588 589
588 583 590
588 590 591
592 593 594
595 593 592
596 597 598
596 598 599
600 601 602
602 601 603
604 603 601
603 604 605
605 604 606
604 607 606
607 608 606
605 606 609
610 611 612
610 612 613
610 614 611
614 610 615
614 616 611
616 614 617
617 618 616
619 618 617
620 621 622
622 623 620
620 624 621
621 624 625
624 626 625
626 627 625
621 625 628
628 629 621
629 628 630
630 628 631
628 632 631
629 630 633
629 633 634
633 635 634
635 636 634
629 634 637
638 639 640
638 640 641
638 641 642
642 641 643
642 643 644
643 645 644
643 641 646
647 646 641
646 647 648
646 648 649
650 646 649
648 647 651
651 647 652
651 652 653
652 647 654
652 654 655
656 657 658
657 656 659
660 657 659
657 660 661
662 656 658
656 662 663
662 664 663
664 662 665
666 667 668
667 666 669
670 671 672
671 670 673
674 675 676
675 674 677
678 679 680
679 678 681
682 679 681
679 682 683
684 685 686
685 684 687
688 689 690
689 688 691
692 689 691
689 692 693
694 688 690
688 694 695
694 696 695
696 694 697
698 699 700
699 698 701
702 703 704
703 702 705
706 707 708
707 706 709
710 711 712
711 710 713
713 714 711
714 713 715
716 717 718
717 716 719
720 721 722
721 720 723
724 721 723
721 724 725
726 720 722
720 726 727
726 728 727
728 726 729
730 731 732
731 730 733
734 735 736
735 734 737
738 739 740
739 738 741
742 743 744
743 742 745
746 743 745
743 746 747
748 749 750
749 748 751
752 753 754
753 752 755
756 753 755
753 756 757
758 752 754
752 758 759
758 760 759
760 758 761
762 763 764
763 762 765
766 767 768
767 766 769
770 771 772
771 770 773
774 775 776
775 774 777
777 778 775
778 777 779
780 781 782
781 780 783
784 785 786
785 784 787
788 785 787
785 788 789
790 784 786
784 790 791
790 792 791
792 790 793
794 795 796
795 794 797
798 799 800
799 798 801
802 803 804
803 802 805
806 807 808
807 806 809
810 807 809
807 810 811
812 813 814
813 812 815
816 817 818
817 816 819
820 817 819
817 820 821
822 816 818
816 822 823
822 824 823
824 822 825
826 827 828
827 826 829
830 831 832
831 830 833
834 835 836
835 834 837
838 839 840
839 838 841
841 842 839
842 841 843
844 845 846
845 844 847
848 849 850
849 848 851
852 853 854
853 852 855
856 857 858
857 856 859
860 861 862
861 860 863
864 865 866
865 864 867
868 869 870
869 868 871
872 873 874
873 872 875
876 877 878
877 876 879
879 880 877
880 879 881
882 883 884
883 882 885
886 887 888
887 886 889
887 890 888
890 887 891
892 893 894
893 892 895
896 897 898
897 896 899
897 900 898
900 897 901
902 903 904
903 902 905
906 907 908
907 906 909
909 910 907
910 909 911
912 913 914
913 912 915
916 917 918
917 916 919
919 920 917
920 919 921
922 923 924
923 922 925
926 927 928
927 926 929
927 930 928
930 927 931
932 933 934
933 932 935
936 937 938
937 936 939
940 941 942
941 940 943
944 941 943
941 944 945
944 946 945
946 944 947
948 949 950
949 948 951
952 953 954
953 952 955
955 956 953
956 955 957
958 959 960
959 958 961
962 963 964
963 962 965
966 967 968
967 966 969
970 971 972
971 970 973
973 974 971
974 973 975
976 977 978
977 976 979
980 981 982
981 980 983
981 984 982
984 981 985
986 987 988
987 986 989
990 991 992
991 990 993
993 994 991
994 993 995
996 997 998
997 996 999
1000 1001 1002
1001 1000 1003
1001 1004 1002
1004 1001 1005
1006 1007 1008
1007 1006 1009
1010 1011 1012
1011 1010 1013
1014 1015 1016
1015 1014 1017
1015 1018 1016
1018 1015 1019
1020 1021 1022
1021 1020 1023
1024 1025 1026
1025 1024 1027
1027 1028 1025
1028 1027 1029
1030 1031 1032
1031 1030 1033
1034 1035 1036
1035 1034 1037
1038 1039 1040
1039 1038 1041
1039 1042 1040
1042 1039 1043
1044 1045 1046
1045 1044 1047
1048 1049 1050
1049 1048 1051
1051 1052 1049
1052 1051 1053
